6 148 243
40 160 244
57 187 248
23 167 258
64 184 251
54 187 244
46 169 260
190 167 250
254 156 250
22 183 244
64 157 274
194 185 271
243 160 253
119 174 258
25 187 233
59 179 242
43 162 255
22 165 249
163 156 245
159 177 251
112 175 250
253 177 252
128 162 252
25 176 253
50 174 248
185 164 273
1 172 266
-1 173 255
88 174 241
236 175 258
108 179 240
60 162 248
-7 172 257
41 178 246
177 177 255
99 186 250
77 160 266
136 186 254
172 170 243
60 178 239
202 163 255
172 177 269
73 168 253
135 168 235
113 171 256
170 177 246
217 157 257
98 183 253
166 186 237
166 188 245
77 167 258
79 185 255
189 156 251
244 191 256
207 158 239
160 176 259
146 163 255
0 184 242
246 184 249
-3 178 256
146 171 266
-2 162 245
97 171 243
189 152 259
252 169 264
189 168 266
204 168 258
164 175 236
203 172 235
253 174 265
62 183 247
62 156 261
223 176 243
157 169 235
101 161 251
92 175 246
216 166 239
50 164 267
38 181 247
13 164 254
8 165 241
90 176 251
186 171 245
163 193 257
202 165 255
67 173 269
199 168 230
180 185 266
139 170 246
119 164 239
51 156 249
84 174 250
103 160 262
199 152 265
133 182 251
9 187 262
100 189 247
235 185 239
173 157 260
202 167 270
54 167 256
128 172 258
167 182 262
201 172 238
135 165 250
52 194 248
40 178 240
234 176 251
91 176 255
204 180 237
126 172 251
176 168 248
259 160 248
245 168 243
122 174 267
249 157 247
65 180 257
37 158 258
186 163 245
78 187 247
170 177 268
78 153 249
54 175 265
124 175 274
225 165 253
27 179 250
198 172 248
73 179 273
58 167 254
183 168 260
65 168 250
212 174 248
5 185 255
234 175 230
95 182 242
185 179 254
142 175 250
43 173 251
40 180 255
100 166 254
275 166 240
134 143 242
115 177 249
2 171 262
141 181 240
49 168 246
