120 177 247
211 195 267
200 182 254
207 196 255
50 176 243
142 193 256
228 179 252
218 198 253
254 185 246
85 182 258
208 189 258
121 176 269
62 193 248
131 197 253
135 189 257
131 190 251
241 168 257
128 206 239
233 202 240
224 180 253
191 194 247
205 193 227
190 191 244
87 193 263
54 184 255
197 176 269
181 194 267
179 185 252
199 186 262
118 196 252
251 185 247
13 199 250
22 182 243
132 184 266
35 186 280
63 165 265
132 182 255
91 171 260
226 209 248
182 192 270
252 184 255
225 187 268
62 184 256
59 195 265
171 187 248
131 186 245
91 201 243
203 194 254
85 170 255
157 190 238
166 183 261
147 204 263
77 191 272
106 206 279
143 193 252
66 187 257
46 190 250
195 193 244
51 179 254
45 189 258
256 180 274
201 188 270
56 188 267
230 187 258
34 192 237
148 178 241
91 188 253
149 194 254
18 200 270
218 218 255
164 187 250
142 191 244
135 194 252
253 201 279
127 201 247
149 181 253
169 191 264
208 186 260
96 191 239
196 202 249
86 201 253
195 209 246
128 191 258
203 189 256
233 205 253
144 201 253
11 172 256
219 175 266
156 161 259
72 170 261
160 190 252
117 194 259
140 193 251
158 179 234
76 186 255
144 182 258
5 194 252
107 188 253
112 179 239
251 183 264
160 174 250
90 193 265
137 199 265
77 188 239
72 180 244
245 190 265
26 187 250
19 188 266
143 197 259
14 190 262
185 197 256
141 168 242
206 187 269
225 192 266
32 192 247
116 199 251
241 211 258
42 193 268
227 198 265
195 197 261
29 186 244
90 189 260
30 185 248
124 175 241
83 181 248
71 177 247
181 195 248
57 185 259
14 203 270
70 190 236
95 211 280
124 183 269
173 175 245
186 199 278
74 166 251
18 191 233
71 197 254
183 193 258
223 177 248
42 188 255
217 194 264
189 195 247
