64 184 256
108 184 250
231 203 257
168 198 244
193 181 242
10 194 244
153 213 261
-2 195 268
156 185 263
94 196 256
56 190 259
142 188 251
106 203 249
135 167 250
241 208 244
240 203 258
248 206 262
149 198 255
185 191 256
26 180 250
65 202 248
191 183 254
219 209 273
8 204 264
217 215 259
14 176 242
148 203 256
185 190 251
51 211 252
236 215 248
143 187 252
50 182 263
183 202 244
102 177 265
47 204 265
170 202 253
62 213 263
223 198 247
40 190 250
45 202 249
137 191 253
9 179 255
160 194 259
223 199 235
130 190 266
246 196 265
99 188 255
244 193 273
21 201 265
42 195 246
207 215 272
72 205 235
110 205 270
35 194 251
160 222 253
47 196 244
100 205 260
183 198 249
144 190 247
224 199 255
173 192 245
198 180 261
171 197 240
18 185 261
186 195 246
168 205 265
237 210 224
119 211 255
271 200 268
29 210 261
18 172 246
152 200 247
220 184 233
188 193 257
126 193 260
17 180 253
191 186 263
252 200 249
0 190 246
80 197 253
13 195 243
37 184 263
118 191 246
249 189 244
7 184 264
224 194 247
263 198 259
102 199 251
205 201 236
44 189 255
116 187 245
78 193 258
189 190 240
242 190 262
244 182 250
228 185 259
83 205 252
115 199 253
45 182 254
35 202 254
147 196 242
167 198 252
133 201 234
154 175 255
-17 197 264
55 192 237
200 183 265
208 202 252
-3 221 247
248 205 251
271 206 253
34 199 250
152 170 260
12 193 253
171 203 278
258 214 249
113 198 253
64 168 266
174 194 268
66 178 266
33 186 258
38 199 242
140 169 258
83 178 255
83 176 254
142 189 262
55 203 256
147 190 250
97 188 255
226 184 253
49 196 251
207 202 261
114 186 264
187 195 264
213 188 248
74 202 256
159 192 252
151 199 247
218 213 254
