122 202 240
217 225 238
74 178 246
110 177 259
224 199 236
212 193 243
201 182 238
187 193 238
200 179 254
218 189 244
130 197 251
246 185 230
180 207 236
215 200 237
59 193 240
215 191 261
256 185 239
96 175 234
134 200 258
3 201 252
80 216 251
70 190 265
3 209 249
255 193 218
185 221 255
181 187 245
76 182 246
118 201 258
222 209 249
47 195 260
116 176 246
7 198 262
151 181 238
210 178 257
11 199 256
169 205 236
27 175 248
95 177 227
252 185 229
263 184 236
217 184 231
23 183 248
5 195 262
145 186 247
66 191 254
41 201 243
173 187 248
154 161 238
144 175 246
112 173 254
27 180 258
50 193 265
44 184 231
38 189 257
51 182 253
157 209 251
108 173 238
183 180 251
192 192 253
-4 195 252
24 200 248
72 190 255
35 208 262
162 175 254
10 198 236
192 198 254
238 189 253
37 198 260
2 193 241
133 199 260
152 192 247
130 193 249
45 190 247
175 193 239
180 192 240
245 197 241
239 189 247
198 195 246
175 194 250
59 204 239
202 167 236
80 189 240
105 189 237
250 188 238
162 193 251
100 187 257
104 220 249
254 187 248
27 206 255
182 183 247
50 198 266
121 184 259
174 197 243
148 194 242
88 188 250
59 197 247
21 206 237
1 199 256
40 174 256
155 184 232
2 163 251
154 199 237
242 194 250
170 194 250
126 184 260
91 183 269
136 192 250
187 192 233
14 181 247
226 188 244
41 198 247
107 190 246
169 203 247
5 167 253
143 194 258
39 221 242
197 187 241
3 193 237
23 205 241
115 195 240
164 163 236
187 188 249
63 180 234
73 184 254
240 203 236
36 190 236
37 178 247
118 184 238
158 184 232
36 217 232
178 193 240
59 208 261
172 181 239
