121 189 255
70 185 253
177 186 240
88 188 242
227 179 233
248 176 245
30 206 246
66 176 225
116 205 238
110 199 240
66 187 240
127 193 245
21 190 258
143 185 257
134 178 246
174 203 229
89 201 254
120 194 243
121 177 252
108 209 244
31 183 249
28 221 235
60 183 236
29 213 263
15 179 245
58 186 255
109 198 239
214 188 237
45 182 234
232 187 233
244 191 237
59 185 253
259 197 222
10 173 241
145 193 245
255 189 246
252 191 234
59 195 237
185 218 237
161 201 257
240 192 246
207 198 235
25 196 243
36 188 239
91 208 248
184 211 246
74 209 239
175 202 253
17 206 253
167 188 243
177 200 251
162 189 233
90 202 244
82 180 261
242 189 240
265 177 245
19 193 253
2 193 241
35 183 233
209 192 242
207 195 251
75 168 246
128 212 228
86 217 239
134 196 255
246 181 239
72 203 223
51 209 234
215 185 242
100 187 226
38 183 241
194 188 229
153 173 256
97 181 233
83 182 240
97 180 265
128 189 243
122 192 217
103 187 241
206 185 243
55 189 257
138 196 247
246 181 242
87 197 237
181 192 233
242 188 227
241 189 232
97 204 257
244 198 246
102 199 239
134 180 244
124 182 245
64 205 228
54 185 242
132 182 243
176 203 237
175 214 254
181 200 240
86 187 263
123 193 246
98 189 252
16 180 249
252 196 245
172 195 252
219 198 246
237 178 251
132 203 233
56 207 235
63 182 267
32 195 235
95 185 227
73 187 251
181 184 249
17 194 261
230 219 233
22 197 232
131 197 254
154 181 242
200 204 235
94 182 240
246 181 222
213 191 227
108 203 255
72 194 243
97 196 238
232 191 240
141 182 244
76 192 267
64 192 251
77 166 235
230 170 243
