35 160 249
70 177 277
223 195 272
146 179 276
243 180 275
12 183 264
171 170 257
148 194 275
221 171 270
181 193 274
145 180 272
165 192 251
173 184 261
14 190 251
37 178 238
115 178 247
202 164 273
135 170 249
241 183 267
78 174 247
50 193 265
168 184 289
136 175 266
198 175 262
186 155 269
62 197 256
38 180 251
11 173 283
51 182 276
41 169 251
29 187 274
48 182 270
90 168 262
233 167 255
84 182 269
244 170 275
118 179 273
156 179 260
152 172 274
170 177 272
242 188 266
222 161 257
151 188 269
225 185 263
103 192 269
212 158 286
168 181 267
133 165 272
34 174 276
143 186 279
63 187 245
63 195 254
225 193 269
21 157 252
103 168 257
98 178 264
240 181 259
52 181 246
82 187 253
196 172 258
47 176 259
177 177 247
37 176 257
37 177 268
207 177 278
43 205 259
227 187 274
133 197 252
97 176 263
213 168 271
81 210 267
251 164 279
192 186 288
87 167 266
230 169 259
163 176 270
229 177 272
102 197 274
121 176 260
153 173 279
84 167 247
231 180 280
25 197 257
222 162 259
75 195 265
67 183 258
20 189 267
173 166 254
26 195 270
157 187 280
208 180 265
7 195 266
59 183 255
125 177 245
29 183 253
178 165 256
83 186 250
58 192 258
21 192 270
237 175 269
97 180 247
44 188 272
56 164 276
245 181 261
189 181 267
199 188 266
195 178 263
40 168 265
123 169 274
159 189 250
58 176 251
163 178 261
214 173 273
210 182 275
131 169 277
237 171 273
90 168 262
193 157 246
125 185 252
196 175 278
54 186 271
