124 196 241
39 200 247
256 191 229
235 190 234
224 185 225
255 224 220
45 179 228
244 193 232
31 194 233
192 185 213
201 208 251
162 214 210
65 170 237
207 208 223
74 205 230
138 177 223
86 176 213
222 192 247
121 204 247
92 192 229
196 206 233
74 194 228
69 199 246
166 207 241
175 198 241
8 194 233
53 177 236
20 198 251
109 211 226
134 197 227
137 175 222
83 212 246
170 188 230
122 194 238
11 208 215
203 200 233
148 200 224
151 206 229
111 211 223
21 198 240
127 196 223
136 197 219
81 171 237
239 196 232
53 213 233
167 195 228
157 180 234
173 182 225
186 197 233
98 199 226
49 202 223
87 213 230
104 191 218
168 172 232
18 185 234
122 193 243
21 175 222
74 200 212
192 219 226
112 206 232
125 180 219
259 195 233
212 194 236
11 209 236
130 195 230
173 202 232
126 182 237
158 197 212
216 191 237
159 208 225
22 180 226
144 194 215
118 205 229
72 182 232
146 187 233
247 208 211
228 180 223
172 181 246
215 182 257
16 203 252
39 174 234
169 191 224
243 196 224
101 197 237
187 193 227
69 189 227
27 182 215
25 197 233
256 188 234
123 200 241
113 180 232
147 179 242
135 199 235
188 193 234
229 178 240
202 190 239
35 186 225
100 194 229
212 171 224
72 183 244
24 196 243
88 185 245
12 183 241
211 197 209
194 194 226
20 195 234
242 189 241
220 185 221
252 202 245
156 198 220
217 194 234
164 192 216
239 205 230
59 191 253
245 193 255
142 190 225
150 201 220
77 187 244
75 184 247
43 206 237
