190 196 238
3 193 246
32 191 250
55 183 256
173 192 230
65 183 256
181 187 234
103 179 244
166 194 237
167 198 245
84 196 244
141 205 236
23 168 241
133 199 251
180 190 251
53 187 239
17 191 232
222 227 244
164 211 253
113 202 252
141 189 244
2 202 260
127 197 244
258 197 235
228 189 231
17 196 265
33 211 260
39 191 253
47 199 248
253 193 251
72 176 234
144 210 253
235 178 237
11 206 246
19 189 257
62 201 259
95 189 248
245 206 262
181 218 234
106 205 265
138 179 243
221 203 245
77 202 254
124 182 247
144 197 234
84 197 269
71 194 232
68 177 247
181 191 251
208 198 237
239 170 233
223 181 254
215 206 257
229 198 247
129 218 251
26 196 238
28 195 261
66 182 258
233 194 258
221 203 249
49 193 242
42 199 254
109 191 248
226 210 246
198 213 237
202 200 249
200 209 247
97 173 234
111 190 219
183 198 255
65 223 245
155 210 248
101 190 260
62 180 261
98 194 241
110 203 246
179 224 238
178 211 260
110 191 245
62 197 267
68 188 261
38 198 252
230 204 254
90 197 263
5 180 245
4 192 254
222 210 244
21 187 252
240 204 257
187 224 251
82 181 252
164 192 254
222 205 226
17 197 242
62 201 252
141 208 246
56 206 241
225 194 244
28 197 259
261 223 244
74 191 240
202 200 239
59 198 250
145 211 254
41 208 234
39 186 242
118 216 238
58 195 232
32 203 246
148 215 243
105 181 248
85 204 229
93 194 249
246 192 235
11 204 258
231 182 235
1 208 257
241 201 250
155 204 263
