184 204 257
78 207 271
29 190 253
90 189 257
106 191 249
27 210 257
221 204 267
0 202 266
90 197 259
25 190 248
233 207 265
107 175 262
184 202 258
36 219 248
238 210 275
127 202 267
47 178 249
121 180 254
259 201 245
160 215 262
248 211 299
200 192 283
29 185 271
131 187 260
106 184 266
30 200 278
51 167 275
51 193 262
75 207 267
183 191 271
61 212 252
201 223 269
164 207 257
152 203 264
263 218 271
12 186 253
239 178 256
17 203 258
208 198 260
144 193 259
182 198 284
47 205 257
249 198 267
235 207 274
229 213 267
235 211 256
123 211 257
85 211 273
106 200 265
251 191 286
38 183 259
172 209 265
18 188 256
187 178 261
74 181 258
232 211 268
196 210 268
159 211 268
82 193 266
97 189 265
74 205 262
195 200 260
86 203 279
123 187 269
241 212 256
164 194 249
44 187 266
33 184 270
127 189 256
118 203 265
70 200 281
62 173 262
92 197 273
163 199 262
52 192 263
169 182 255
180 185 268
254 186 262
181 215 264
229 222 278
166 211 274
23 209 264
175 199 267
15 185 273
52 214 263
239 196 256
41 179 273
147 201 250
205 195 258
215 219 273
108 207 263
240 205 242
211 194 268
178 210 261
111 194 274
61 182 272
0 198 257
0 210 264
158 205 280
35 203 268
202 222 257
7 199 285
50 185 255
127 207 263
126 221 261
82 186 277
216 193 270
