40 206 242
226 177 253
54 181 251
243 209 229
250 203 255
142 205 234
230 194 233
54 210 236
160 174 266
31 204 260
243 181 243
264 179 230
62 177 260
112 193 250
106 211 255
11 204 242
53 186 245
38 209 266
171 183 243
203 191 234
228 209 236
129 206 257
21 199 239
174 187 246
100 193 260
238 192 244
11 212 247
45 191 257
182 202 268
130 186 257
221 190 252
190 191 220
59 199 255
85 196 248
246 195 258
127 197 232
83 203 246
176 219 256
76 202 231
225 199 247
68 189 244
23 194 257
244 196 259
73 201 235
215 186 247
71 211 239
243 192 257
181 188 265
41 216 246
163 164 255
66 216 244
189 205 244
76 183 263
38 170 231
1 184 251
214 199 255
121 213 259
88 194 258
18 206 271
108 201 253
40 176 253
177 192 251
23 205 270
52 202 261
125 198 253
93 200 246
149 212 254
192 203 250
5 205 261
27 189 255
112 192 246
105 183 233
62 200 251
124 209 266
52 196 266
158 181 259
169 217 247
19 197 250
49 203 242
209 169 253
182 190 255
140 199 246
228 186 239
204 193 238
-4 210 242
20 212 252
93 183 243
28 185 256
25 189 253
90 196 242
62 181 233
251 171 229
54 190 244
205 194 238
173 179 259
54 176 241
234 207 247
185 184 255
21 195 262
148 182 262
48 177 256
127 196 263
75 200 257
29 199 249
33 194 243
128 187 247
112 197 247
17 190 253
