190 190 277
254 198 257
150 205 259
74 200 238
107 182 265
93 212 267
220 186 250
65 194 245
156 189 254
114 192 262
28 190 249
210 182 254
184 200 269
18 192 265
160 193 249
64 202 260
69 181 280
114 195 258
146 198 254
9 195 251
153 179 251
63 194 235
-1 186 254
97 200 254
181 196 267
93 208 277
183 197 258
0 188 259
184 194 265
164 203 252
28 203 253
42 179 253
49 172 254
137 166 260
205 176 248
28 167 246
90 195 262
148 190 263
47 211 256
178 175 269
125 184 244
132 183 238
180 205 249
130 170 254
60 194 248
17 197 254
186 176 260
225 189 280
72 184 253
94 186 249
118 196 270
14 164 251
146 185 235
205 201 259
147 187 247
167 189 258
222 195 254
93 180 252
33 192 251
80 202 258
123 211 258
115 180 257
59 215 255
59 174 254
66 202 255
68 199 252
54 195 244
206 199 260
64 202 252
13 182 249
218 203 260
10 199 236
163 188 262
176 184 247
27 191 239
36 204 262
247 209 274
224 188 258
206 176 252
40 189 252
89 201 249
175 206 252
147 193 274
102 174 263
166 186 250
116 200 270
239 200 236
141 170 250
204 182 250
227 173 256
230 188 255
54 188 265
42 187 240
148 210 263
217 192 244
205 214 268
72 178 247
96 182 251
217 195 264
90 198 256
92 175 256
171 193 247
215 197 244
150 181 237
120 210 246
24 203 255
201 187 257
52 193 253
226 198 261
212 185 246
16 202 245
92 197 265
237 185 259
139 195 253
232 172 254
11 196 254
149 192 260
17 177 259
54 191 253
92 175 258
116 190 266
222 188 255
50 182 264
247 164 270
175 193 253
43 189 255
156 184 263
99 187 259
