139 207 297
62 185 258
34 176 282
233 190 288
73 190 282
135 197 290
131 182 296
121 195 284
126 183 274
176 186 301
60 197 276
201 170 294
74 189 288
156 193 285
55 190 274
210 181 303
80 180 291
126 180 287
6 192 275
139 201 278
151 181 266
198 182 282
243 181 286
155 193 295
213 202 292
64 200 277
157 194 290
175 197 285
180 167 287
227 184 306
96 204 293
167 174 290
220 185 283
30 168 278
192 185 292
189 171 279
231 204 286
137 193 280
184 199 283
121 172 288
145 174 285
103 178 264
185 189 300
183 187 295
98 205 281
201 194 302
23 198 260
241 193 282
-1 186 280
19 192 270
177 198 281
151 182 266
2 168 286
174 180 286
119 190 280
148 190 288
42 196 275
232 190 293
171 184 290
40 177 283
110 186 284
233 194 302
142 194 268
191 176 276
-9 170 274
132 181 295
203 207 285
153 172 281
215 195 283
88 193 267
121 174 278
84 176 280
182 174 293
15 181 266
90 194 298
153 186 275
78 210 282
125 195 282
157 174 294
235 186 283
46 189 277
57 207 270
44 200 289
188 181 274
54 192 282
12 184 278
222 181 295
224 192 291
108 175 293
168 187 279
91 168 277
77 187 263
106 201 265
65 202 283
233 175 291
59 182 284
172 196 295
156 194 286
58 188 292
202 197 271
160 194 275
193 173 280
50 198 281
191 169 287
194 193 287
212 212 298
107 170 296
60 179 286
-13 178 296
103 189 269
216 183 289
154 188 276
91 191 286
58 192 262
187 182 306
185 194 261
97 202 281
11 190 278
172 183 301
5 199 283
158 192 288
125 179 284
152 184 282
216 173 274
63 181 286
59 189 280
153 190 297
102 203 281
189 201 279
9 180 278
167 183 294
