145 173 264
229 187 242
50 186 265
162 204 236
156 181 247
30 164 267
68 182 265
255 186 249
118 183 255
139 204 259
124 184 252
122 195 267
123 212 252
142 195 258
231 199 265
195 193 241
134 190 248
59 196 261
166 195 239
144 183 262
200 199 256
13 174 253
238 176 259
32 196 249
124 195 252
149 180 267
178 210 252
-3 187 248
217 175 253
15 188 245
194 189 273
196 179 264
110 191 251
149 207 254
81 184 234
51 198 258
52 156 243
102 200 251
210 194 255
0 209 253
78 194 246
165 182 257
43 202 250
200 180 252
228 187 247
99 181 262
199 184 258
24 180 272
41 185 261
83 209 245
174 190 257
129 187 265
158 185 259
252 195 274
15 195 264
93 204 260
59 178 274
256 189 255
104 201 250
110 188 256
205 185 256
171 190 263
69 220 266
43 183 261
68 195 244
33 199 250
147 187 264
187 194 248
216 184 261
209 192 271
55 172 262
153 191 253
124 207 268
31 196 258
135 183 264
258 176 266
267 177 247
254 186 264
80 181 260
148 189 247
224 188 258
239 191 263
148 181 244
249 185 263
16 195 238
9 159 255
253 171 260
174 200 254
209 179 264
175 189 253
194 188 260
50 189 256
66 186 258
174 189 246
124 205 260
252 182 270
102 192 240
15 198 261
145 200 258
219 208 270
172 168 248
109 199 260
235 172 262
97 183 255
49 165 270
113 197 274
105 190 248
54 197 256
48 169 251
40 187 260
257 194 259
23 191 254
202 194 250
210 184 253
159 194 260
114 186 251
64 214 259
165 184 261
14 205 253
101 186 256
183 184 260
37 181 234
163 202 248
