153 192 256
62 189 279
107 186 258
205 196 242
95 178 246
29 197 254
251 183 238
115 197 253
117 202 252
41 197 256
79 211 273
45 200 254
236 185 260
42 188 236
212 202 252
9 179 259
195 184 243
244 214 256
35 186 260
109 172 276
19 195 259
230 181 253
21 166 261
31 181 258
47 201 256
91 187 252
131 182 256
32 175 260
192 175 267
22 177 258
74 182 261
124 201 254
91 195 240
86 200 251
142 187 261
1 192 252
42 192 251
241 184 240
33 190 248
140 210 260
15 186 252
198 183 234
116 173 263
160 185 262
42 202 254
44 182 255
113 180 252
178 189 259
16 187 263
234 189 255
224 185 249
249 194 254
165 183 247
78 190 256
168 183 263
160 205 268
61 220 257
24 183 260
203 188 264
250 190 258
174 204 255
103 201 256
114 195 245
102 189 236
79 174 264
139 176 273
124 158 257
184 206 244
122 167 253
185 185 260
214 206 261
227 187 238
219 193 251
154 192 250
63 210 263
243 179 250
184 184 245
58 191 253
251 206 241
153 192 250
253 194 247
151 169 273
28 168 258
186 195 258
85 190 257
87 192 260
104 187 251
190 188 252
234 190 247
64 183 269
124 197 235
147 187 245
72 205 271
224 188 243
107 174 263
187 197 256
35 204 240
153 179 249
31 191 240
125 178 257
241 184 259
85 208 260
195 213 261
261 197 247
198 201 253
153 184 238
91 174 253
239 192 255
191 209 260
143 170 266
78 173 261
100 178 251
236 175 258
135 186 259
69 209 268
254 200 271
198 159 249
62 187 255
252 186 251
111 186 247
154 168 264
119 172 241
60 192 251
57 194 267
48 171 248
174 181 250
56 200 266
239 179 268
87 189 247
52 186 254
112 198 258
251 200 252
193 168 253
