217 183 261
267 190 242
229 174 260
22 204 258
16 162 265
19 176 243
203 167 253
99 185 270
94 169 245
169 187 255
123 163 255
84 180 255
155 169 261
211 188 265
29 192 263
107 180 239
40 176 265
23 159 249
106 189 243
232 169 239
216 174 250
60 183 249
90 163 240
202 177 243
69 169 258
194 197 250
221 185 253
97 193 241
216 175 261
96 172 264
184 183 254
79 168 254
245 178 251
63 180 239
156 166 253
120 169 258
160 171 247
163 176 249
105 189 239
102 160 244
226 173 233
92 183 256
58 187 258
14 182 262
19 162 251
68 177 246
232 180 257
104 184 241
-9 175 246
196 184 265
161 166 248
242 169 255
134 175 245
176 168 253
72 175 273
189 175 255
84 164 236
158 184 252
179 163 248
23 180 257
14 196 256
83 178 255
197 178 252
173 185 275
139 183 261
137 171 244
121 177 249
231 165 255
240 161 256
226 179 264
234 166 246
66 187 249
129 181 251
164 174 262
52 180 248
238 173 263
235 160 256
115 184 265
52 169 254
152 162 257
40 175 258
74 172 266
57 182 245
171 179 249
238 176 245
60 171 259
19 203 249
131 172 258
191 179 252
184 167 248
187 173 271
229 189 252
93 172 252
95 173 265
42 182 249
118 186 260
15 178 259
75 191 258
167 185 265
31 184 270
51 180 253
197 174 259
191 166 260
179 165 251
110 179 243
157 156 242
145 189 252
83 171 251
238 185 259
28 193 262
51 171 246
225 196 258
157 179 263
250 183 275
63 183 247
98 179 247
73 158 250
152 177 239
40 179 259
42 162 269
14 174 255
