-2 173 274
168 162 265
78 164 279
206 177 273
257 177 278
140 165 258
59 176 270
134 176 271
158 190 267
33 162 257
108 176 272
41 189 265
19 172 265
96 176 266
107 184 283
47 183 266
150 159 263
173 165 285
120 165 287
60 166 263
15 176 247
43 171 275
134 193 264
149 166 267
159 171 271
107 157 268
126 174 276
53 160 265
195 166 271
24 174 265
77 163 272
132 190 276
39 181 278
168 194 261
55 163 260
18 179 256
106 150 272
138 176 252
50 165 279
251 155 286
130 188 259
203 176 257
80 172 269
262 189 279
14 159 271
63 163 271
26 165 270
183 178 259
44 186 273
208 183 259
31 165 286
125 166 283
212 191 280
39 179 258
105 170 278
100 155 284
59 167 266
204 178 273
126 171 271
231 174 288
54 168 270
230 159 280
141 167 266
247 160 279
208 170 275
174 155 276
84 180 260
154 169 253
24 164 270
88 187 285
156 172 263
202 163 283
157 177 274
82 175 272
121 179 275
209 178 271
114 185 278
53 189 267
81 163 274
222 190 268
53 182 251
123 181 280
-4 174 280
145 177 273
225 162 269
90 162 271
177 169 276
25 193 280
244 169 275
212 173 297
197 162 283
15 169 243
90 167 270
48 152 258
169 180 281
76 174 265
81 166 268
61 172 279
28 193 267
209 180 253
246 166 274
96 162 278
215 176 272
162 182 271
178 181 275
65 176 272
66 145 256
63 159 255
39 189 268
49 168 254
122 170 280
253 182 274
132 172 266
123 179 281
56 181 265
258 177 274
195 176 283
121 183 257
56 174 291
63 189 263
216 181 272
206 185 276
179 149 282
174 181 264
48 177 285
137 180 269
