37 188 252
25 192 251
69 181 253
192 183 259
242 189 243
181 192 259
230 175 261
36 174 257
115 185 273
154 180 256
44 187 241
177 186 259
66 183 246
172 197 277
207 195 257
56 178 266
128 188 253
145 203 250
230 192 266
86 189 255
254 173 256
-4 189 247
114 197 239
56 199 239
29 193 270
166 181 250
195 194 264
61 170 245
43 189 252
75 165 261
149 184 268
131 204 267
164 199 263
168 196 245
118 201 251
39 173 253
21 184 253
191 202 261
25 175 260
189 185 254
88 184 245
111 191 268
113 202 252
42 199 253
21 184 255
122 176 267
42 199 238
11 206 269
208 181 251
132 196 260
211 190 251
243 194 257
40 187 252
7 186 247
137 190 250
45 188 254
2 206 250
44 197 256
245 199 259
214 192 277
54 202 275
24 192 274
238 204 243
1 174 241
39 202 270
83 203 251
210 187 252
129 182 253
118 204 262
238 192 247
146 203 244
96 177 252
217 180 251
238 178 256
75 198 240
217 208 258
187 200 239
38 207 246
16 186 260
28 183 275
126 204 259
133 192 272
63 194 257
223 169 252
18 179 247
137 196 258
24 185 266
246 190 258
83 182 260
29 206 252
30 190 236
239 182 259
32 177 259
151 185 251
138 205 250
54 172 272
109 183 271
239 197 249
188 194 257
228 194 237
199 210 252
190 192 264
56 193 264
3 169 247
50 211 241
117 181 252
158 182 237
216 205 259
46 185 246
57 196 242
248 203 253
118 154 239
