20 197 269
51 216 241
145 192 251
31 196 257
87 192 268
219 176 264
82 187 254
166 180 249
113 199 267
188 194 270
207 206 244
223 186 255
232 181 261
52 199 263
92 179 248
53 188 264
162 178 243
16 196 271
261 209 246
166 211 270
80 195 272
18 181 254
116 200 254
113 177 263
76 176 253
107 213 243
108 184 269
46 199 261
77 187 267
61 199 267
144 200 253
32 192 245
123 196 255
241 189 264
155 165 248
209 211 259
6 195 259
240 190 260
-1 194 264
81 182 246
41 199 266
99 171 262
37 195 266
91 192 248
78 165 263
25 181 258
52 187 249
187 185 266
242 194 261
68 190 265
107 177 263
105 193 252
103 183 263
-1 200 271
120 185 248
38 193 270
186 188 244
16 198 247
174 200 256
45 210 239
119 189 263
82 213 241
83 182 256
74 187 252
29 171 246
247 195 248
215 211 262
129 168 270
87 190 261
33 185 246
219 192 258
48 206 246
217 193 256
128 184 252
13 196 248
31 198 266
145 185 236
197 197 251
201 185 256
46 181 259
15 204 254
49 193 261
83 198 249
257 174 269
55 173 251
123 212 252
78 203 245
85 183 260
163 207 257
67 187 243
202 199 262
225 199 252
81 202 242
105 185 257
155 180 253
190 178 258
223 181 250
116 177 265
31 198 251
116 194 235
50 188 248
105 196 259
138 183 266
94 215 256
28 197 268
94 180 256
253 191 258
4 196 230
24 194 259
189 185 245
257 172 261
220 193 260
77 205 252
111 199 254
72 177 246
93 194 255
9 197 247
179 174 254
149 191 263
199 198 259
