244 197 254
182 199 252
201 207 251
166 214 236
35 186 269
55 208 266
68 198 268
179 184 247
46 185 251
122 204 255
37 207 238
49 197 246
120 189 268
28 179 274
6 187 253
244 180 248
233 183 263
170 170 262
9 192 263
89 183 241
20 182 263
89 194 247
2 174 242
33 183 254
86 192 261
152 188 250
178 186 249
179 187 234
171 204 264
109 198 243
8 183 255
108 195 256
39 192 251
181 189 252
36 187 249
151 193 253
80 198 246
224 197 258
77 183 247
184 188 252
105 197 257
34 216 257
44 189 256
102 198 230
231 191 256
193 201 247
182 213 254
0 204 258
184 209 271
128 181 260
58 174 255
51 192 259
99 205 263
42 183 255
200 179 235
103 203 265
207 203 242
45 178 252
111 184 260
59 176 262
2 180 261
194 200 241
39 199 257
108 185 263
18 201 260
171 188 244
219 192 257
75 211 236
106 186 261
139 205 260
55 189 248
111 220 275
224 196 268
190 202 254
119 180 248
154 195 258
82 188 256
123 180 245
48 176 265
48 192 249
72 202 260
146 191 250
32 191 266
248 183 260
123 169 249
199 194 255
182 181 266
47 197 258
92 192 253
33 183 256
227 185 262
117 189 265
132 182 251
124 174 253
262 199 254
152 201 256
148 202 267
143 175 245
7 172 251
59 183 253
32 195 243
0 195 251
219 202 254
255 208 248
201 170 269
104 175 254
85 156 249
93 185 274
228 196 247
134 198 245
227 197 242
28 186 261
81 183 252
80 196 272
120 200 243
208 202 268
41 193 241
127 198 251
65 191 246
87 193 264
28 181 274
180 208 248
15 199 261
202 180 262
199 195 258
237 188 256
121 180 247
109 204 250
