60 200 259
89 215 247
116 188 243
38 200 248
111 204 261
55 205 247
130 212 252
196 202 259
196 205 262
155 205 262
125 219 235
136 197 259
41 206 254
132 207 255
90 197 246
173 190 240
251 199 245
31 206 251
1 205 246
132 204 264
88 206 237
117 206 240
71 223 254
21 203 249
197 202 255
136 187 260
203 212 260
113 201 246
109 204 259
161 195 241
179 205 225
10 194 247
195 200 241
261 211 252
151 200 255
150 211 261
50 203 255
154 205 252
48 223 258
8 196 250
46 178 245
215 211 244
196 207 244
22 192 253
212 203 262
221 223 251
220 216 261
189 204 246
83 207 247
26 207 263
207 222 259
72 204 242
86 174 253
8 196 237
251 210 236
107 193 240
60 206 252
181 225 222
195 218 250
168 200 242
42 204 257
120 216 246
157 231 244
43 198 247
103 199 256
11 206 252
166 216 252
64 220 248
141 215 252
156 203 261
236 210 256
53 205 245
109 201 244
231 207 246
-1 205 269
110 191 250
211 207 249
114 208 233
177 219 247
4 220 231
206 214 229
25 212 233
183 225 256
187 212 250
199 197 241
173 200 253
54 203 251
118 218 237
165 224 243
179 211 237
183 186 233
10 207 250
153 209 245
230 194 233
43 188 255
175 216 257
67 202 258
81 199 256
122 188 246
156 230 240
191 191 232
20 197 265
14 218 246
97 210 264
33 210 246
248 197 272
185 193 252
60 193 255
54 195 265
136 184 252
56 201 252
165 209 237
237 181 238
60 210 256
220 220 248
122 202 245
156 223 259
120 202 263
111 177 241
13 182 237
-2 199 254
35 194 248
128 206 250
160 194 260
231 221 234
191 200 242
145 193 228
80 212 235
130 232 252
108 218 243
-1 206 262
202 185 239
4 205 258
78 193 233
94 204 270
228 213 259
