260 189 268
29 196 269
50 197 264
13 184 248
1 181 269
189 206 287
67 187 271
51 212 243
197 192 251
-7 182 254
49 197 266
126 208 242
101 195 253
168 197 265
122 195 269
44 184 253
110 186 256
159 196 275
229 188 282
222 198 268
167 190 287
84 195 266
99 191 249
182 179 262
77 178 245
54 203 270
252 192 261
75 189 244
3 199 256
217 193 252
64 194 261
154 195 268
89 193 251
194 190 276
134 213 255
176 182 268
22 172 254
9 182 257
227 198 263
139 190 258
50 186 270
173 190 256
70 199 261
111 165 277
183 206 265
7 174 264
220 212 280
166 182 270
161 176 254
28 199 274
189 190 277
41 201 272
120 186 276
28 211 258
138 184 258
241 201 255
179 185 260
115 185 252
97 191 276
88 196 277
119 199 266
22 199 265
211 188 268
171 182 267
188 194 256
41 206 268
10 197 265
122 200 273
245 190 278
199 198 267
86 196 260
154 199 246
22 206 279
207 185 263
180 181 267
56 166 259
91 196 274
126 181 276
97 207 251
57 198 273
98 194 266
130 182 266
77 211 262
196 192 274
253 178 272
20 178 273
84 205 265
87 180 256
43 167 251
116 197 262
156 193 260
35 183 283
72 219 284
13 182 265
56 184 255
20 186 270
1 183 253
91 182 246
189 224 274
-3 193 260
62 194 264
91 192 268
107 185 250
45 185 261
154 198 268
105 176 255
54 189 258
