125 181 298
225 182 265
188 190 286
109 186 261
51 172 270
92 198 276
48 188 271
110 184 256
67 173 275
69 194 267
202 192 249
197 172 272
133 199 271
104 193 269
48 202 251
174 190 255
47 187 256
147 204 265
35 181 271
138 199 264
47 182 277
158 198 271
215 177 264
111 191 272
172 193 275
131 188 261
180 200 244
22 192 286
230 197 283
116 197 268
51 184 264
81 184 270
225 195 261
124 189 267
31 211 255
226 196 272
135 197 265
57 198 264
216 193 256
172 192 260
30 199 262
215 196 259
81 181 272
256 194 265
132 195 270
2 184 253
66 197 269
35 194 283
26 191 275
13 174 264
46 186 257
216 190 265
103 188 270
134 205 264
223 185 268
141 174 264
95 169 265
135 181 249
198 204 271
179 194 267
110 189 267
225 176 263
149 209 272
199 175 260
35 190 253
48 190 252
122 208 256
137 182 245
238 200 289
131 199 273
230 210 253
79 208 256
160 214 258
126 196 255
96 208 255
54 184 264
162 205 245
47 199 250
241 201 252
224 194 255
63 188 261
226 189 268
178 185 262
18 191 251
88 183 259
75 205 245
7 194 278
8 187 254
214 186 271
237 192 286
210 194 273
128 195 260
129 188 262
155 186 263
77 203 257
34 199 260
165 198 256
120 171 251
111 189 264
111 202 273
31 202 240
51 205 270
68 204 262
155 185 271
38 192 272
228 194 260
80 177 263
207 184 269
84 172 287
105 175 265
248 207 252
193 187 253
10 193 258
120 195 259
82 198 263
140 202 260
23 195 279
165 179 257
26 171 270
110 184 272
65 183 258
23 206 260
