137 166 241
137 167 256
202 172 249
20 185 231
125 186 233
51 180 244
222 178 251
43 170 249
23 174 253
163 181 262
139 167 274
80 190 248
12 176 249
205 198 251
184 188 249
158 176 249
151 178 239
245 161 242
209 194 252
245 170 248
4 188 262
205 154 248
14 185 255
157 179 239
64 155 234
12 197 258
224 170 258
152 193 246
102 167 255
62 195 256
76 172 248
30 180 238
26 172 244
160 161 253
20 159 248
34 188 245
44 171 251
78 193 242
56 171 255
244 179 243
222 184 249
104 177 260
161 179 248
23 179 249
134 201 246
213 173 250
151 169 238
40 172 242
176 175 233
3 178 256
67 188 240
40 165 268
218 194 243
26 190 258
165 177 255
98 171 261
214 174 249
201 180 261
193 174 244
26 179 267
175 151 244
134 171 272
230 159 253
232 179 249
30 201 271
31 193 251
233 182 234
176 197 248
124 185 242
96 158 252
47 153 266
-6 186 242
91 185 257
213 162 247
67 183 255
2 178 258
99 183 247
85 185 249
123 158 251
37 180 237
133 199 249
64 181 253
80 190 257
20 175 246
101 177 241
7 169 241
66 173 259
67 187 264
215 170 243
244 183 237
250 189 252
135 181 233
109 166 245
136 190 238
185 185 256
84 175 264
46 169 246
53 179 237
56 167 243
90 180 240
223 171 252
226 182 243
123 177 248
-7 169 242
236 171 269
-5 186 237
250 167 250
225 168 230
269 173 256
259 185 231
246 183 252
224 167 246
136 169 248
233 175 247
207 179 248
