67 180 249
132 193 261
14 182 254
111 174 260
251 184 241
265 197 257
112 166 248
49 195 257
184 180 263
219 186 257
111 174 265
106 177 263
43 189 248
78 180 256
74 179 251
111 181 254
28 188 254
71 189 245
91 182 266
222 169 241
240 174 265
39 176 254
81 156 248
225 173 250
211 192 263
104 167 261
117 199 259
153 169 255
45 196 255
-2 183 255
233 176 254
237 185 269
112 179 258
182 175 245
91 184 248
225 172 274
64 191 249
72 169 246
49 165 261
131 157 259
144 189 241
103 178 261
13 182 250
143 158 244
59 182 240
159 183 258
-1 193 256
257 176 258
34 177 260
228 195 254
39 176 240
34 169 246
72 195 259
65 174 247
238 156 263
147 163 254
230 164 258
28 186 257
27 151 250
33 165 271
137 183 263
13 193 242
218 168 244
37 194 249
189 182 250
190 173 254
222 195 257
169 160 251
100 190 273
164 177 249
38 165 255
79 178 246
123 153 267
45 193 265
64 198 272
48 170 249
1 181 250
187 177 241
185 181 255
177 168 255
262 175 265
109 168 254
261 178 253
202 179 264
109 168 249
36 173 244
90 170 257
204 164 255
181 170 262
22 182 247
253 161 253
166 177 262
46 186 250
99 174 245
28 192 243
189 179 269
114 165 254
127 173 252
58 186 263
173 160 252
238 168 246
154 192 255
123 181 274
30 180 249
152 201 246
92 175 256
205 174 266
233 157 275
88 175 249
210 188 255
57 183 267
91 174 242
151 204 237
36 195 268
156 193 270
217 188 240
180 191 263
72 193 265
68 162 265
151 196 256
