82 201 244
233 205 245
20 198 250
221 205 229
261 191 245
154 192 234
201 181 235
117 205 222
57 198 237
107 180 226
171 207 248
149 213 246
82 202 222
121 190 238
134 193 215
20 207 244
50 189 233
192 196 232
58 202 235
87 203 255
245 201 241
27 202 252
80 198 247
55 207 246
247 186 227
221 196 239
186 163 228
234 208 230
41 198 255
152 192 242
207 197 255
145 197 234
91 188 235
245 198 233
212 196 225
123 204 243
46 204 236
175 218 227
247 187 247
187 202 230
198 182 234
166 206 236
53 189 230
100 205 245
146 220 240
205 180 230
43 180 241
73 189 233
195 188 221
55 190 249
12 177 232
46 175 244
121 203 220
137 204 237
66 193 254
146 178 232
161 184 243
170 184 219
222 200 224
24 192 236
238 195 233
168 185 245
106 202 233
4 193 226
3 201 242
243 181 230
223 194 232
202 222 243
161 205 258
138 206 227
43 181 229
35 176 252
37 202 238
120 184 240
33 181 226
190 198 237
17 185 241
269 194 239
224 208 234
106 182 244
13 176 253
126 188 230
38 209 260
45 205 220
248 195 229
186 188 249
223 204 229
236 197 241
12 187 249
2 191 241
68 193 245
18 177 235
179 198 227
85 191 251
20 193 238
1 202 235
-4 179 243
241 200 240
204 195 240
110 205 226
159 189 245
113 213 262
6 197 237
111 215 244
232 188 231
64 189 226
248 193 246
57 184 231
211 208 223
89 198 255
213 180 247
245 195 247
