213 182 234
40 214 244
193 220 216
156 210 237
86 195 251
221 207 246
98 186 236
224 192 238
211 179 237
129 208 224
80 193 239
63 202 231
125 198 263
239 204 231
117 194 236
125 197 230
237 201 235
161 190 243
93 182 226
232 202 233
210 197 236
146 204 250
-3 212 231
137 184 240
76 180 228
35 193 224
205 199 215
134 196 246
60 179 233
19 184 255
184 202 245
80 192 227
230 202 236
-8 194 237
182 175 228
84 201 228
27 175 230
255 194 238
195 199 230
233 207 236
216 190 247
120 209 238
159 194 242
84 185 231
190 198 235
115 175 249
237 207 242
223 200 229
193 186 244
211 203 244
100 191 220
180 218 236
258 215 239
34 208 224
201 188 229
68 205 221
19 217 245
142 205 229
65 198 222
119 186 241
133 201 247
235 191 245
80 180 218
51 191 242
243 184 223
244 205 248
97 189 238
85 190 233
137 187 226
12 207 242
193 212 244
98 182 230
153 191 242
130 173 237
233 193 230
124 197 244
103 181 232
77 207 253
200 207 231
213 200 223
240 181 235
92 191 234
60 171 234
74 189 243
88 180 234
256 212 224
45 210 238
37 202 237
132 202 243
86 196 242
16 193 242
83 191 241
40 182 228
34 183 238
35 183 259
238 190 241
226 211 244
204 203 243
270 205 245
179 215 230
74 202 237
127 198 235
158 202 240
247 192 241
232 199 228
175 171 229
99 187 260
103 187 247
219 172 244
248 189 254
241 207 229
143 177 245
21 183 246
238 193 235
127 216 237
109 203 228
34 212 232
257 200 234
209 194 227
64 180 228
138 190 226
