196 170 198
67 188 232
145 182 236
22 169 232
61 169 215
118 168 222
63 189 239
9 181 238
96 173 228
91 166 225
82 185 226
27 174 233
20 186 240
46 188 240
22 180 244
169 168 232
78 159 232
11 201 240
38 156 235
87 172 222
72 138 218
58 168 233
135 186 225
206 177 222
44 156 233
213 167 237
165 172 224
69 177 236
46 171 220
77 140 232
99 173 237
87 164 232
73 178 251
249 177 227
186 182 248
79 191 239
162 191 228
74 183 252
229 160 209
186 181 223
1 156 237
192 187 222
78 203 236
163 174 215
117 180 237
230 175 219
141 170 237
104 181 231
230 172 220
213 185 225
149 165 225
101 182 230
99 172 232
137 191 223
208 181 243
238 177 219
219 173 224
60 183 229
230 172 230
188 158 222
82 187 235
183 160 205
124 186 224
66 173 237
81 190 231
220 165 225
173 177 224
156 195 233
26 168 230
40 174 233
123 180 227
47 176 250
196 169 234
198 170 238
87 183 244
34 180 229
235 176 241
171 167 229
213 164 217
51 177 237
105 170 226
117 163 238
236 183 223
48 174 253
154 164 224
240 177 215
195 195 226
187 177 237
191 178 232
231 186 225
208 178 231
259 181 233
93 187 225
91 174 235
164 160 223
27 178 236
201 172 215
197 187 218
137 176 235
227 182 229
68 187 229
102 177 230
129 189 220
23 193 227
128 163 239
0 180 245
46 169 242
40 170 244
104 182 221
71 194 222
220 172 234
75 196 236
252 190 194
136 172 234
157 180 227
153 183 224
9 174 223
220 193 233
164 200 213
128 153 217
139 186 227
47 193 237
109 168 228
248 171 232
212 211 222
22 168 248
