247 174 266
206 196 260
21 186 252
61 190 244
87 175 247
130 195 254
161 179 252
130 189 271
219 178 260
246 206 266
156 191 274
206 185 269
45 180 240
90 181 240
103 167 233
90 200 249
211 169 265
18 181 249
8 196 269
186 176 267
251 205 254
129 183 269
53 190 256
220 199 256
29 188 254
42 190 261
187 198 265
46 180 251
50 197 244
140 172 253
154 190 253
196 200 264
40 186 273
244 187 272
202 168 265
200 174 278
0 185 264
48 189 292
138 188 261
50 166 264
169 191 249
146 184 256
115 172 237
78 211 266
214 192 271
44 197 254
42 179 264
217 198 263
206 175 259
181 184 271
4 197 260
177 189 255
60 185 251
180 180 264
46 186 238
248 185 263
177 196 258
18 179 241
37 186 252
47 170 238
104 169 253
94 190 277
72 175 257
155 170 256
208 202 266
21 203 260
138 197 257
240 180 252
122 184 255
99 179 276
195 181 263
69 184 255
131 196 253
112 204 252
208 204 240
38 191 262
190 170 253
59 195 258
50 195 241
140 188 278
171 182 261
-8 177 251
69 165 261
120 189 250
172 194 265
212 165 264
238 186 256
113 177 256
171 176 245
110 189 257
193 193 250
229 197 253
124 173 267
238 181 259
147 197 269
108 182 262
87 175 261
240 202 258
-4 181 266
129 180 256
47 200 253
131 195 275
21 179 258
145 198 270
11 190 255
71 183 262
105 197 268
49 188 249
52 181 262
96 177 247
91 178 239
198 186 262
64 201 250
255 185 259
254 185 257
216 177 266
168 173 247
240 180 282
