202 236 247
74 215 236
239 212 245
185 219 239
165 223 241
197 222 239
236 240 231
123 249 239
8 185 246
94 226 243
82 206 236
212 225 253
241 216 236
236 218 247
229 228 252
148 197 257
173 231 232
64 207 249
20 210 233
115 201 231
73 210 251
222 231 244
86 241 243
67 245 245
240 218 246
95 222 265
257 211 231
89 208 248
208 236 252
123 217 234
255 229 223
162 246 247
120 225 229
34 224 235
113 211 214
100 219 238
85 244 236
109 210 246
217 233 240
67 204 221
-2 203 242
43 207 234
237 212 229
18 205 249
45 211 235
110 215 255
71 215 240
95 188 234
215 255 254
88 212 245
32 187 244
241 219 236
23 210 254
63 226 223
96 219 232
10 226 226
240 237 236
180 249 253
168 221 241
105 224 240
251 236 231
142 208 250
75 232 254
229 227 238
176 229 236
192 225 254
252 227 250
80 240 234
125 215 269
100 221 243
100 235 242
33 214 242
244 208 229
-12 197 245
21 209 252
147 224 231
144 213 266
156 194 240
11 220 251
-6 222 258
21 215 227
260 207 246
120 211 236
30 217 234
87 241 236
157 216 238
145 247 225
59 235 250
152 240 247
15 219 233
170 215 227
70 212 222
102 216 245
197 224 233
245 230 247
166 209 236
114 215 251
94 231 219
195 237 233
44 241 245
219 245 244
75 220 236
56 216 250
55 224 236
11 232 239
230 204 222
97 211 239
219 225 222
107 213 238
177 229 241
15 217 252
244 215 238
119 233 234
94 206 247
47 216 234
165 222 256
206 240 248
76 211 241
114 231 251
101 220 251
237 234 227
34 236 232
1 225 258
234 232 227
67 206 236
91 229 238
18 222 247
253 242 231
262 217 234
211 236 243
-9 215 257
192 221 247
153 225 226
222 228 234
19 230 258
182 240 229
59 229 243
53 217 248
79 221 239
179 212 245
