135 172 261
40 160 265
95 185 267
227 178 245
174 205 274
251 178 263
69 160 261
205 164 268
108 182 266
76 161 252
250 174 262
49 169 253
147 168 270
206 169 257
68 178 267
10 154 258
89 208 242
30 185 245
139 181 256
128 155 258
193 171 264
143 164 263
160 170 269
93 178 254
61 170 244
229 183 257
162 178 263
82 179 239
19 189 256
124 171 252
156 164 257
166 150 266
251 180 268
157 167 259
263 181 254
253 177 269
132 175 258
138 172 259
211 166 257
31 165 263
240 152 272
74 170 238
111 186 265
91 166 268
73 151 259
10 183 255
34 176 252
62 167 250
85 185 257
243 176 262
221 173 255
242 169 261
121 179 259
17 188 252
230 161 246
53 175 253
11 168 253
196 180 245
217 167 255
100 195 270
10 179 268
44 197 262
102 165 262
246 179 262
89 179 267
62 169 258
78 178 256
187 166 251
42 177 243
110 181 264
168 189 273
31 161 260
31 145 277
119 173 250
168 160 260
33 172 263
250 182 268
90 173 261
39 167 259
106 177 258
228 177 263
181 175 272
121 180 270
82 186 263
41 167 230
97 177 247
231 193 255
94 177 260
209 159 245
213 177 252
221 168 269
46 176 246
21 165 248
252 176 254
162 179 248
146 179 262
11 166 257
237 183 251
109 166 254
212 177 253
68 171 260
182 165 247
243 188 252
-7 170 244
144 199 252
116 160 273
8 178 260
159 166 254
227 169 269
185 177 263
1 183 268
5 168 253
139 177 273
88 179 261
34 170 270
43 165 263
162 174 257
238 174 252
16 168 246
208 166 270
44 152 261
195 188 264
133 157 259
174 172 270
145 175 273
194 184 252
71 166 265
26 186 249
67 174 253
25 182 270
23 190 262
123 180 279
54 176 264
