238 183 265
22 178 253
67 173 275
111 191 250
220 181 277
55 193 256
236 173 249
182 194 260
137 207 252
90 186 244
193 158 258
99 183 260
202 189 265
165 173 263
128 169 273
63 172 244
173 186 253
213 199 263
146 157 256
116 183 266
82 178 264
162 186 255
202 184 268
188 192 238
233 195 259
244 178 252
235 184 253
49 209 261
21 170 245
219 165 234
48 173 244
132 183 269
174 185 259
88 182 258
209 156 262
208 205 259
84 176 265
39 190 260
32 168 263
172 188 259
249 174 263
41 182 236
131 191 254
155 191 242
254 180 269
96 178 270
7 184 265
55 184 273
173 166 261
240 176 251
137 195 259
29 179 259
178 180 261
195 186 247
127 190 243
-7 155 246
47 175 253
147 176 254
219 169 256
188 178 273
143 180 258
29 187 270
232 190 269
254 197 268
38 191 252
86 185 259
78 171 260
90 173 264
220 173 256
219 171 255
16 181 263
77 173 271
208 170 238
194 169 241
79 176 245
149 202 251
218 178 259
-2 191 260
228 154 262
182 166 251
81 162 265
181 181 255
23 171 256
182 182 258
212 182 262
210 182 263
238 188 278
206 195 248
113 166 262
240 173 252
18 181 260
167 188 265
34 178 242
217 172 248
145 173 241
130 182 274
13 171 253
57 182 262
69 198 260
39 181 247
92 178 263
26 176 242
234 172 246
110 182 259
98 156 239
239 172 253
27 197 245
38 169 269
190 186 251
100 179 268
56 166 264
234 181 249
149 192 241
90 179 256
88 187 275
121 194 259
89 174 258
234 172 253
234 173 266
164 166 253
67 162 254
93 173 251
88 175 250
202 177 259
252 176 251
41 184 250
98 166 248
7 191 263
47 193 263
72 182 274
91 175 253
22 176 253
235 177 258
235 171 257
119 208 261
30 171 264
