153 201 252
27 196 242
41 199 240
18 192 249
148 202 242
97 226 252
98 195 242
163 211 255
113 208 241
106 208 273
175 215 247
74 185 280
248 216 258
201 203 235
45 205 256
177 206 242
8 210 254
182 185 262
11 219 243
33 192 259
0 197 256
28 214 239
80 193 265
44 200 273
132 187 264
20 201 252
77 207 257
241 198 247
202 217 259
3 196 243
142 197 240
96 165 256
259 204 259
105 203 250
120 200 240
179 225 241
167 206 269
187 214 262
137 191 261
124 208 241
202 191 266
118 202 252
60 194 260
176 199 254
138 195 288
9 196 260
103 208 272
234 199 241
181 210 229
138 198 259
236 226 257
175 187 265
163 197 253
28 190 252
49 177 241
67 185 250
234 214 259
109 185 252
114 220 242
180 188 258
153 203 258
201 176 248
21 197 251
156 206 246
221 193 262
37 198 259
104 186 255
188 191 238
166 184 242
226 202 237
188 192 265
41 181 258
209 205 277
245 199 257
166 191 248
51 214 247
109 195 264
20 225 242
200 221 262
79 207 260
170 202 249
179 197 245
227 195 268
205 192 262
208 212 249
5 203 266
74 218 250
69 198 278
144 210 246
250 205 250
248 199 259
12 193 237
165 202 265
-6 184 242
140 214 244
12 192 269
89 195 260
73 203 278
225 204 262
101 197 247
146 201 252
83 213 258
26 211 251
213 216 270
163 203 267
149 186 254
107 191 266
136 206 261
83 214 273
142 216 233
243 200 261
197 209 247
11 200 244
95 189 242
109 201 250
120 198 258
207 196 248
113 204 244
47 188 253
109 203 245
85 199 263
48 207 265
26 203 259
237 189 263
111 195 252
198 208 245
200 205 242
211 214 252
105 181 254
82 189 242
236 214 253
96 189 259
