189 187 261
32 184 257
109 189 251
55 186 252
219 170 247
136 190 248
35 198 254
36 198 254
182 193 265
145 196 261
104 193 248
-6 187 258
44 196 246
40 156 252
191 200 263
71 179 269
79 189 242
24 182 251
134 184 255
6 153 255
204 185 245
151 162 259
122 186 239
158 174 265
217 194 246
224 193 263
53 180 262
116 221 257
46 185 255
27 202 242
116 187 244
29 189 261
140 200 265
183 202 242
136 188 248
44 176 248
143 203 241
58 186 257
90 180 255
170 175 248
70 194 252
56 180 247
130 179 261
72 195 262
233 180 256
233 191 256
254 194 252
200 191 235
234 197 255
128 178 251
54 200 260
98 188 255
33 186 274
198 175 244
176 191 270
58 178 251
69 190 261
97 195 253
166 204 265
70 183 245
220 183 243
151 196 277
152 186 254
123 194 259
211 180 264
95 176 250
68 199 259
117 209 238
69 192 264
153 167 239
238 179 244
250 180 244
48 172 249
215 180 269
244 191 261
113 182 258
51 194 245
208 178 249
27 185 247
246 164 267
83 179 253
32 171 254
95 191 270
228 184 249
66 183 263
110 183 250
58 209 262
91 194 262
138 185 274
126 176 266
138 172 248
64 192 257
98 193 257
8 200 258
173 188 263
226 180 246
45 180 254
64 185 247
248 193 254
217 209 244
256 158 258
150 177 235
67 184 251
162 197 244
87 186 265
218 182 252
3 180 270
200 179 255
90 175 279
187 181 256
236 213 251
152 175 249
155 184 256
107 215 250
194 194 250
245 184 263
152 203 257
130 189 243
7 195 261
66 182 261
38 194 259
125 203 251
239 182 247
110 169 247
36 189 254
264 211 266
196 183 261
51 202 276
