158 202 233
131 217 252
70 185 242
15 197 250
132 203 238
24 200 268
152 224 266
55 187 270
91 198 275
184 216 249
135 202 248
153 176 245
185 197 244
74 188 241
14 199 261
90 185 240
55 183 251
-7 211 240
203 197 231
145 211 269
139 194 262
3 200 235
227 195 272
12 189 251
167 194 252
244 199 240
30 219 253
18 207 244
205 186 263
151 194 251
191 198 248
263 204 225
129 205 256
141 193 249
245 184 268
241 215 261
145 196 262
229 192 250
163 190 242
107 206 228
161 212 262
253 218 239
86 185 249
129 207 241
57 215 255
123 213 238
119 199 262
94 175 242
107 205 252
77 170 260
97 209 270
157 196 242
14 185 255
246 202 267
174 203 244
63 185 260
-1 218 267
26 212 248
256 192 256
141 206 257
118 193 249
114 214 246
82 215 236
236 202 250
26 194 260
197 201 254
152 202 251
75 183 240
262 210 248
231 212 259
136 204 237
168 203 243
9 212 247
234 226 258
-6 222 251
91 201 254
127 187 238
220 202 263
111 168 252
106 208 256
195 193 255
1 200 262
240 214 262
214 215 237
237 200 266
82 199 264
32 183 246
133 195 258
50 209 253
134 199 258
177 189 255
186 200 252
241 213 259
248 187 255
66 214 263
189 213 240
52 189 244
192 187 247
83 206 254
112 228 240
205 210 242
65 211 241
54 184 273
241 200 251
203 192 242
64 203 254
163 205 250
43 206 250
181 215 253
162 201 263
188 207 238
76 191 253
90 178 260
