11 172 261
13 159 259
151 178 263
222 182 244
80 164 253
212 169 266
264 160 248
134 170 260
187 156 248
141 188 247
182 189 267
219 181 265
98 151 252
31 190 255
177 183 249
132 178 265
111 170 264
131 178 254
160 170 243
242 157 248
188 182 271
147 170 259
160 166 238
110 196 263
141 167 252
109 178 238
58 188 241
213 163 246
135 167 256
240 175 268
39 148 257
230 168 251
117 163 271
120 171 268
81 175 256
84 155 255
257 165 254
100 189 252
150 155 259
182 193 249
35 176 242
15 171 261
64 185 252
243 155 255
87 184 257
34 163 262
255 160 247
252 173 258
54 180 244
88 181 255
122 181 250
193 165 249
31 181 258
69 175 248
229 177 252
67 155 257
11 161 269
45 169 244
29 175 243
198 162 245
232 180 267
248 166 259
243 182 243
160 188 260
174 160 247
147 174 260
23 179 256
212 168 257
103 182 263
46 179 241
29 174 256
129 176 255
71 194 255
61 158 257
146 171 255
113 160 264
114 170 246
125 182 272
166 160 245
146 164 247
14 179 273
241 163 259
122 179 259
103 188 269
3 191 246
80 165 260
159 166 254
71 171 249
170 175 255
228 181 245
86 165 243
93 163 251
223 165 272
217 176 250
101 169 261
6 182 252
7 163 250
-8 194 255
151 154 259
26 178 246
63 193 244
-12 170 240
124 165 281
89 170 248
68 177 256
23 170 278
115 187 245
40 168 258
115 166 248
206 171 260
216 155 258
24 173 275
143 166 259
