206 187 260
146 192 250
118 179 264
128 196 262
146 195 245
86 184 255
83 180 286
52 192 259
5 184 249
150 168 245
11 172 261
13 201 246
60 181 257
99 199 253
169 182 249
29 193 252
48 193 268
230 177 252
124 192 265
143 177 246
138 189 254
38 206 270
38 210 253
91 209 265
233 201 262
51 194 267
13 176 260
22 184 275
158 204 265
70 187 251
185 180 258
-2 177 252
226 192 253
121 173 265
56 197 267
184 185 256
234 176 265
69 176 268
173 188 251
127 208 245
151 176 256
1 186 252
168 202 257
45 197 265
225 158 250
2 200 229
98 197 265
195 197 251
132 197 254
33 197 264
59 189 250
1 196 258
33 193 247
87 186 252
70 192 258
46 167 262
128 192 241
124 183 252
251 182 262
153 208 254
9 187 249
73 197 245
194 185 248
158 194 255
248 190 255
237 204 245
121 173 250
234 179 259
246 187 255
229 173 258
58 177 252
180 185 257
31 182 251
17 185 247
82 198 242
106 175 254
245 175 243
220 196 273
233 195 255
167 182 254
100 183 257
12 186 244
248 187 258
144 196 245
60 192 261
38 207 270
127 201 257
203 191 246
187 193 259
25 186 244
158 165 251
140 191 246
107 186 275
0 196 230
88 197 254
43 161 267
126 185 238
122 195 250
104 188 245
140 208 256
84 180 252
160 201 268
238 199 249
137 191 246
65 192 243
98 184 252
227 179 264
176 196 253
172 186 269
47 191 248
36 172 256
165 188 266
254 185 258
116 202 243
17 209 248
92 190 255
146 184 259
210 179 257
64 211 244
225 179 254
146 195 266
229 203 251
147 205 254
203 173 240
19 200 256
85 184 239
