168 187 256
186 189 257
112 192 275
104 196 263
46 175 292
226 193 281
252 216 281
21 195 263
169 191 269
207 215 263
113 176 285
205 200 284
205 170 294
262 192 274
27 187 254
97 191 263
55 186 281
229 219 288
198 192 266
184 205 251
130 197 261
124 191 259
102 183 267
132 188 255
225 192 261
215 191 254
238 218 252
196 183 266
32 175 259
111 202 262
72 179 272
28 206 253
165 190 253
160 197 272
157 195 264
23 199 268
100 210 279
240 206 277
238 181 259
151 192 272
97 199 264
139 199 264
68 194 262
171 191 266
199 184 289
155 221 276
28 190 270
17 195 263
198 199 283
91 190 263
102 180 268
40 179 258
106 172 263
176 200 271
203 209 276
238 207 281
42 199 264
139 193 271
135 189 272
51 182 267
137 187 267
97 204 282
78 199 264
16 191 262
12 167 264
55 199 272
182 179 281
198 198 267
10 208 281
213 199 277
150 185 259
13 172 255
192 205 278
16 195 281
114 194 276
86 176 262
134 192 274
262 189 269
236 181 250
60 193 255
80 193 264
177 189 274
234 192 278
4 196 247
229 217 280
35 185 269
232 203 263
210 210 266
155 202 271
69 212 245
4 192 280
132 184 247
217 203 275
70 191 246
2 191 274
151 188 280
16 179 269
159 195 261
118 206 263
93 194 273
148 208 265
166 213 267
236 183 270
197 192 255
82 183 267
11 185 247
184 200 280
82 199 274
14 193 268
64 178 261
177 194 288
128 190 261
48 182 278
43 186 266
54 180 264
52 191 247
171 189 256
89 208 273
166 199 266
196 196 281
20 200 270
72 197 260
101 199 266
151 192 262
72 203 251
201 190 258
214 199 254
