193 175 261
208 219 235
105 180 248
127 182 263
71 195 252
131 164 246
220 198 251
94 205 265
252 185 259
171 179 260
23 194 268
46 195 257
151 162 250
171 190 241
64 194 263
84 169 257
32 195 262
226 172 251
217 188 261
32 185 266
88 203 253
170 178 251
117 174 260
98 182 267
217 179 258
134 171 266
119 180 260
170 195 253
190 202 265
23 220 266
184 192 254
15 197 265
190 190 250
245 204 247
101 189 251
52 184 240
121 188 264
115 180 266
65 181 244
159 194 267
0 192 240
145 203 260
184 197 266
114 191 264
24 200 261
205 193 258
24 182 243
72 198 259
-14 199 232
215 193 253
103 190 248
62 180 265
77 200 253
238 210 250
232 204 258
0 174 250
35 184 260
121 200 254
177 203 265
178 194 283
36 192 243
148 182 258
112 174 236
49 196 250
44 201 262
39 180 262
3 202 254
193 182 244
63 175 243
71 173 252
90 202 263
51 201 251
25 190 263
66 180 252
162 198 255
82 182 262
181 194 275
164 194 260
245 192 254
117 191 226
148 178 249
213 214 261
229 207 260
69 186 250
86 179 246
204 201 239
237 200 276
131 201 235
117 194 260
113 186 265
48 196 242
0 188 258
78 199 268
-4 163 245
147 206 243
77 188 258
195 203 235
146 182 243
250 218 256
17 185 260
89 206 246
213 213 250
129 182 262
108 189 252
125 191 264
22 198 253
29 167 251
32 196 249
216 191 247
205 192 270
179 180 262
157 175 268
77 187 245
139 193 252
250 209 241
39 196 251
249 185 253
195 186 260
180 185 270
212 194 246
