192 254 240
70 240 242
195 249 245
221 228 215
32 217 233
211 248 237
131 259 247
75 228 249
20 209 262
243 253 240
43 198 248
170 251 249
99 231 255
142 220 240
173 241 246
173 256 243
22 244 258
38 206 245
205 262 260
214 228 264
209 231 230
189 250 257
246 263 239
141 224 237
14 233 235
93 234 245
93 245 235
12 223 256
94 211 248
115 246 223
187 239 237
223 229 254
26 188 245
81 229 234
114 218 242
183 247 238
189 243 250
183 249 250
43 247 241
150 219 238
65 231 268
50 242 228
237 243 261
221 223 243
2 218 235
89 252 231
93 236 260
144 230 245
221 205 244
190 221 258
186 227 257
244 229 250
61 216 236
15 221 245
100 219 275
123 222 234
39 211 257
107 224 247
34 218 258
95 229 251
91 243 256
235 237 256
251 234 258
149 234 273
83 232 259
10 200 268
216 198 227
101 214 256
223 250 249
117 224 254
98 224 250
57 221 236
32 219 245
246 255 245
134 247 251
99 240 238
48 226 248
93 232 249
180 229 243
270 261 243
-3 209 272
85 238 239
183 231 239
4 201 263
185 244 240
49 243 268
98 244 261
44 226 246
132 241 237
210 228 251
183 219 242
109 224 259
157 232 244
65 240 259
17 212 243
62 216 262
127 229 240
172 238 256
8 193 264
17 224 235
14 211 238
258 240 237
218 244 242
36 243 238
121 241 243
169 238 276
110 229 247
206 274 238
133 231 241
204 234 228
257 242 257
201 237 233
30 223 253
56 228 246
163 234 251
208 212 250
96 220 248
75 202 245
100 212 275
222 242 245
103 236 233
138 240 246
124 231 248
70 234 239
39 239 248
160 242 228
104 194 247
160 245 239
82 215 247
161 224 258
236 234 247
227 240 230
240 256 244
170 239 245
55 233 261
68 225 247
