166 152 264
192 146 269
210 151 277
5 172 270
103 183 272
79 183 282
230 155 253
232 156 267
54 164 251
18 179 265
10 175 260
153 172 259
12 147 259
224 141 260
6 155 272
43 171 256
214 164 254
204 165 254
131 180 266
80 156 258
42 174 258
247 171 268
23 153 264
163 180 259
215 170 258
37 166 266
246 154 254
195 153 271
253 167 273
12 188 272
212 156 257
37 175 250
104 154 265
126 145 244
255 161 268
225 151 248
86 179 269
168 177 269
164 147 255
65 163 256
90 158 259
207 161 258
208 155 263
240 148 255
22 162 267
81 163 253
68 170 287
140 147 269
12 163 267
94 158 257
35 179 283
33 164 267
139 188 259
3 172 270
218 157 277
59 174 258
152 161 257
212 151 274
8 166 252
170 162 253
247 175 264
31 186 261
63 170 272
72 165 262
205 177 256
209 159 263
50 179 272
106 168 276
153 175 263
150 171 263
148 156 252
110 172 262
246 160 267
3 167 273
56 163 257
125 193 274
84 185 248
58 176 257
220 134 265
190 171 267
13 183 260
239 157 266
165 171 254
106 165 285
99 159 262
184 168 273
163 164 246
114 161 257
151 151 278
161 174 253
50 172 266
225 166 244
10 185 259
204 162 274
249 160 263
34 173 276
25 153 267
198 172 258
181 155 263
116 164 265
188 167 276
78 162 264
145 157 264
221 172 249
102 164 254
137 168 278
125 173 277
100 176 257
165 173 259
147 147 275
189 153 262
161 162 258
66 159 269
206 160 269
197 165 273
89 179 277
252 158 261
10 182 267
107 170 262
0 161 271
238 154 267
66 169 258
228 168 250
204 154 253
21 154 283
82 148 254
180 159 268
167 174 255
237 159 273
172 163 273
152 171 290
84 161 266
40 174 258
212 183 257
239 163 264
196 165 268
236 146 275
30 178 272
250 178 262
235 160 269
3 177 255
170 164 264
95 153 259
28 178 265
224 160 264
176 152 253
93 169 269
237 158 274
