1 186 258
193 214 258
104 232 248
189 168 258
216 176 267
234 204 252
220 188 250
151 203 271
44 190 253
-12 184 252
50 182 258
208 192 272
115 201 250
231 201 266
137 191 252
154 195 249
121 199 265
95 180 272
249 178 241
22 202 250
108 181 249
18 194 263
22 189 255
96 202 258
224 179 248
39 195 268
138 202 265
8 201 236
146 191 253
34 204 265
51 176 253
181 168 248
241 198 241
91 194 254
102 188 264
127 199 251
71 190 245
94 194 238
217 202 266
240 213 251
85 196 247
35 185 250
166 167 275
102 173 248
98 180 270
131 177 268
214 183 256
30 179 243
154 215 260
97 188 271
244 190 269
167 187 279
90 197 242
147 186 250
51 210 274
183 181 256
149 164 249
195 190 284
-7 170 258
144 198 255
37 176 257
166 197 240
63 198 259
89 185 249
81 193 256
125 188 258
96 203 264
112 173 267
90 186 255
65 180 254
86 192 277
71 181 256
240 187 259
149 195 274
207 185 260
106 193 251
121 178 239
228 210 271
118 201 263
119 199 266
150 190 263
42 192 281
9 197 257
147 185 260
96 187 253
227 198 259
16 172 265
41 169 262
143 195 244
152 193 252
68 200 249
88 192 249
19 168 253
170 170 267
216 191 253
26 191 262
20 190 252
16 194 248
110 189 242
24 189 251
153 197 260
51 171 250
173 202 256
21 184 267
137 219 252
213 195 252
239 182 252
202 182 260
157 186 269
211 188 261
157 189 246
46 166 249
5 170 265
154 182 279
