238 212 270
167 213 278
-10 203 262
129 197 270
89 208 274
47 210 249
110 207 251
183 220 266
249 207 271
132 195 275
91 215 267
103 187 272
158 209 288
51 191 290
253 213 251
183 240 257
165 193 285
84 210 257
153 216 261
231 201 265
101 196 281
235 203 263
190 218 270
19 200 271
173 206 250
72 206 262
124 198 256
194 199 266
179 201 273
131 207 256
77 214 263
7 186 275
205 185 276
45 209 263
225 205 248
245 214 271
199 200 269
1 210 261
13 204 262
62 193 269
107 234 254
157 201 256
142 204 269
196 219 278
-9 202 255
148 202 259
95 209 274
248 205 265
109 172 259
80 218 271
222 196 269
113 200 282
217 205 257
102 194 268
98 205 270
106 201 266
165 215 272
82 216 280
38 221 285
164 193 260
20 201 252
6 186 252
104 188 262
183 202 271
194 223 278
167 209 245
1 204 272
226 219 294
203 225 260
31 199 274
44 199 261
68 223 245
132 208 274
86 208 265
15 200 266
226 204 270
77 209 253
242 195 275
35 196 264
105 173 282
7 204 253
109 206 272
171 173 247
63 205 245
8 185 269
217 196 266
157 215 274
71 196 267
78 185 276
112 208 258
207 191 257
180 224 271
47 200 285
171 196 259
197 193 272
120 230 275
181 227 269
241 189 290
134 206 259
158 190 275
-1 200 278
256 224 288
52 195 255
203 209 252
13 205 267
200 204 264
154 207 265
21 216 259
194 214 265
175 209 260
132 197 274
238 215 267
47 204 259
187 221 281
130 213 271
187 195 262
152 204 264
79 210 275
130 223 283
250 192 265
44 220 269
4 199 268
