212 207 255
45 191 251
222 164 247
198 200 245
179 186 250
234 196 271
121 188 244
238 167 252
203 182 261
202 210 265
158 178 247
90 187 253
152 195 280
22 183 256
71 192 254
249 185 247
233 194 265
16 198 254
186 192 266
197 180 251
0 177 274
129 189 254
250 169 256
238 202 249
-18 183 263
211 197 264
64 202 261
15 196 256
39 172 265
172 176 272
158 186 260
116 194 258
19 183 242
79 195 237
169 182 270
195 195 253
139 192 262
31 175 248
91 184 247
88 197 259
48 182 249
79 178 245
181 181 258
114 202 236
161 184 260
26 188 263
106 194 257
55 195 259
201 190 254
163 161 242
247 197 253
145 195 272
233 191 255
180 199 239
192 190 242
38 190 256
57 187 267
111 190 262
139 211 253
193 213 257
187 199 249
241 203 262
75 191 263
105 184 253
221 191 249
212 184 260
185 200 254
180 185 256
38 204 254
60 198 252
220 191 258
157 191 247
211 204 267
99 192 249
60 187 253
86 187 261
142 181 241
106 183 257
-11 184 263
148 198 252
122 194 244
127 173 282
130 170 254
193 191 269
139 189 262
107 168 252
105 204 249
129 213 266
95 179 265
201 191 254
12 179 267
63 185 267
186 190 249
94 191 249
109 181 252
128 176 259
62 182 243
109 166 237
232 189 261
37 199 240
219 184 263
77 192 270
26 199 269
250 172 256
11 179 250
204 183 250
226 198 250
36 192 246
47 175 257
107 177 257
73 187 257
220 178 251
95 189 256
65 185 252
