149 189 250
42 209 257
64 173 263
207 214 248
251 177 263
231 166 256
32 204 243
27 193 258
160 165 260
65 191 266
204 187 256
59 211 261
79 184 234
191 188 257
230 195 252
223 184 247
114 193 260
54 197 243
33 186 265
223 191 263
102 179 261
27 194 251
120 195 269
20 199 230
235 211 257
74 173 258
218 206 258
254 188 248
8 200 272
99 200 256
172 203 236
103 207 252
247 211 260
161 193 248
175 192 248
3 204 261
199 171 251
14 189 257
159 168 249
73 197 253
208 183 263
145 193 254
59 205 265
193 181 248
105 191 247
91 202 258
134 185 266
111 186 238
153 188 250
139 203 273
9 190 261
218 213 254
75 200 248
126 194 253
129 183 258
111 197 267
93 202 243
159 198 246
60 193 245
210 189 251
79 194 277
62 180 255
46 203 253
45 198 253
95 188 253
242 195 241
56 210 272
226 190 260
28 192 246
70 212 252
164 209 252
18 162 237
213 192 249
247 190 259
225 187 246
34 199 263
156 204 257
108 185 247
11 195 252
10 186 248
37 183 255
93 186 256
47 184 250
126 196 258
138 178 236
64 230 251
17 191 240
260 193 271
114 189 263
155 194 271
176 224 257
125 198 248
132 200 252
78 196 245
16 181 258
31 196 269
23 178 257
21 171 234
126 187 238
228 188 263
239 196 258
247 184 244
62 199 263
50 181 272
194 203 249
41 197 247
196 195 243
89 168 228
18 185 251
36 202 265
181 198 252
234 181 255
245 199 247
216 187 257
64 190 250
145 177 255
186 187 255
232 190 242
158 179 261
225 203 254
70 194 260
74 197 258
20 193 249
