243 196 260
122 197 263
47 194 242
181 180 253
92 197 247
76 211 250
109 186 248
214 198 264
154 197 258
62 186 256
172 169 253
41 183 251
130 201 263
84 193 270
169 175 257
0 177 250
132 177 255
92 201 256
150 191 268
40 199 267
195 199 279
-5 191 250
177 179 244
121 186 266
257 197 253
161 182 247
212 180 247
56 193 266
56 185 255
40 192 258
68 173 266
138 190 270
63 184 262
161 192 257
149 201 261
63 191 263
59 170 254
79 183 253
229 183 245
134 199 245
223 178 249
215 159 258
88 186 256
174 192 248
171 186 266
45 194 263
39 164 252
140 177 270
222 179 261
87 203 251
199 192 256
241 192 253
-15 192 266
170 202 260
106 176 265
63 187 253
58 180 264
57 188 261
114 183 274
131 187 255
143 205 257
230 192 242
173 184 261
136 203 255
168 211 245
49 207 242
103 199 254
161 185 253
236 196 249
102 202 262
143 190 248
126 184 233
33 196 270
172 191 257
105 172 244
211 171 270
46 183 260
181 199 248
204 198 255
198 170 246
247 179 255
17 181 253
78 196 262
230 178 245
56 192 250
100 195 265
190 196 258
171 198 262
38 191 256
224 191 248
121 184 267
116 187 260
75 189 275
164 177 256
93 185 251
23 169 260
90 190 251
205 185 248
99 186 254
238 162 262
248 178 253
144 157 251
39 203 259
222 189 237
1 187 250
165 196 249
46 197 247
34 167 257
38 180 248
98 187 251
220 187 266
53 201 264
18 189 244
244 190 251
69 169 256
15 174 256
216 176 253
164 169 258
249 208 267
172 179 253
202 175 255
173 174 265
104 190 243
163 201 270
115 177 253
174 184 260
215 188 271
219 189 249
160 191 265
21 191 256
46 176 258
