153 160 254
73 192 252
180 177 258
89 206 242
128 191 252
110 185 254
200 198 263
174 169 247
196 188 251
199 170 252
15 201 252
200 190 248
34 185 267
7 183 242
139 184 232
182 186 259
78 168 262
153 181 255
23 202 270
39 191 237
-2 168 238
199 192 255
236 180 237
181 186 247
189 193 248
183 191 244
145 185 264
46 191 249
42 183 248
6 198 228
4 179 265
62 183 236
139 192 245
17 184 252
167 181 251
133 194 263
16 161 270
207 197 249
129 160 240
220 182 278
264 186 265
164 198 266
240 195 265
129 179 261
156 175 245
82 180 266
48 190 254
122 179 237
243 189 242
83 179 255
68 178 251
80 195 254
152 182 262
162 181 243
13 172 241
205 204 247
246 170 263
94 172 251
131 211 244
133 166 255
158 215 234
116 191 248
1 192 255
266 179 268
234 185 253
88 197 256
228 181 243
69 170 258
177 189 258
64 182 246
195 173 273
246 202 258
110 181 253
33 198 258
161 186 252
45 196 259
134 167 254
39 219 258
232 195 242
141 183 262
102 186 246
175 167 260
158 200 256
139 184 251
154 189 259
178 176 236
35 193 253
64 206 264
112 185 261
217 211 249
249 201 256
243 174 244
186 174 249
224 194 249
8 195 258
223 200 243
249 180 270
134 180 251
33 204 243
231 178 267
162 184 258
120 183 278
145 170 249
11 176 245
110 166 255
52 179 248
197 182 244
245 168 265
72 173 241
102 191 258
8 189 255
180 195 264
39 162 261
64 176 252
6 173 258
176 198 252
94 174 248
75 183 250
180 199 255
146 208 250
137 188 261
217 174 250
58 195 256
154 174 264
75 152 256
128 188 260
243 179 228
123 186 253
192 194 259
216 191 253
118 176 258
107 187 248
