168 178 295
26 174 283
72 174 290
239 172 299
252 182 302
208 171 305
14 165 301
85 179 283
52 169 284
221 188 310
39 181 306
95 163 312
229 167 317
237 185 302
123 181 291
186 162 312
130 175 291
183 163 301
168 183 305
88 170 304
139 188 308
96 160 311
245 154 313
153 154 307
145 173 307
71 170 292
182 176 306
157 157 300
167 152 315
35 157 294
191 172 303
8 182 294
182 192 308
34 157 295
217 177 308
31 165 303
214 194 303
204 173 290
60 168 277
63 162 296
59 179 295
139 187 301
15 189 290
120 179 292
83 171 294
99 170 299
98 158 303
210 183 323
213 167 294
170 181 297
78 174 301
10 175 284
159 175 304
59 184 305
103 177 289
1 177 289
199 182 304
200 174 312
201 171 296
112 170 307
32 176 292
177 181 306
194 186 307
229 158 304
18 177 307
0 173 293
150 173 296
85 182 297
12 176 283
40 190 303
92 171 298
17 164 277
204 174 305
49 180 285
79 173 278
153 178 296
36 167 305
65 164 306
159 170 288
154 161 306
17 161 291
234 158 308
67 165 291
241 156 306
82 181 307
233 164 306
35 157 296
44 177 288
243 165 302
90 170 278
10 183 283
93 172 275
179 155 291
18 171 290
52 186 279
53 177 296
76 170 308
238 171 297
194 156 316
42 185 288
65 167 310
250 160 306
226 153 307
163 177 284
245 168 310
-6 173 288
103 183 299
210 180 324
79 189 301
61 173 300
79 169 296
59 162 303
127 172 301
111 181 285
233 177 287
86 159 294
129 139 295
96 172 307
52 179 301
33 160 299
56 173 283
57 179 300
113 153 292
30 145 304
104 186 299
158 170 299
33 169 294
139 170 292
27 176 293
178 169 303
181 153 308
22 186 280
