38 187 249
94 184 264
33 182 255
178 188 251
35 187 248
91 190 247
57 197 270
192 191 264
141 213 254
146 177 241
212 188 260
104 210 260
177 192 253
7 194 260
111 177 269
204 191 262
87 189 245
-4 188 257
27 185 265
157 195 257
196 199 262
15 203 254
247 168 246
9 180 243
17 188 251
14 176 244
95 183 255
18 182 249
38 194 260
184 181 286
142 191 265
141 184 244
49 197 259
75 189 269
154 173 253
60 184 262
181 197 245
160 178 279
183 200 270
197 199 260
151 178 252
17 201 262
251 196 242
227 182 269
68 196 270
45 187 256
213 190 257
181 207 258
144 186 260
107 205 249
92 181 264
-4 179 223
148 203 262
71 196 265
202 191 255
230 190 251
181 195 244
168 177 247
34 184 267
48 181 258
126 183 251
158 188 255
154 183 246
47 181 261
88 197 252
29 173 244
179 190 250
10 201 250
21 193 256
221 183 262
257 189 263
39 196 239
51 177 247
100 204 253
228 176 258
129 184 259
72 176 254
26 191 256
124 204 267
229 195 256
45 174 251
203 195 255
75 170 266
68 174 257
141 190 260
226 182 259
99 174 245
203 214 259
108 182 264
28 187 258
182 196 246
123 166 252
-7 180 262
106 199 242
213 204 246
52 175 262
30 199 248
21 186 253
63 200 262
45 173 263
128 186 250
132 187 242
217 176 247
218 200 260
216 185 252
250 197 232
44 198 258
219 185 253
67 195 257
117 194 253
52 199 249
32 197 272
84 196 262
129 185 256
228 188 262
126 176 249
162 199 243
79 202 247
15 194 254
11 199 260
43 186 241
199 198 248
121 193 277
96 194 246
158 179 253
170 187 250
30 193 244
100 197 246
244 168 250
182 176 276
178 175 275
64 177 240
92 187 251
136 186 251
159 177 260
198 188 260
