117 219 238
27 240 256
221 212 270
68 233 262
246 210 258
176 236 263
40 215 255
182 233 265
15 213 259
214 224 290
135 220 269
74 217 265
12 236 259
144 235 277
51 202 284
182 225 269
218 237 270
183 224 275
29 196 258
169 230 266
9 209 270
173 237 269
153 245 263
217 220 258
241 239 261
215 247 279
216 214 267
178 221 276
142 234 273
54 224 273
27 223 268
125 215 279
188 216 283
130 211 265
123 206 284
163 205 264
101 223 260
26 211 253
132 218 266
93 232 279
260 227 277
82 211 269
120 206 259
133 213 254
121 237 250
91 202 269
80 225 269
59 191 280
208 238 267
108 239 266
49 226 270
35 230 261
47 226 262
19 214 276
214 221 277
216 231 265
116 223 272
82 225 271
237 225 269
83 214 254
112 214 274
50 204 251
60 211 253
248 230 258
62 209 264
32 215 271
42 206 251
257 208 275
75 201 268
24 207 275
77 226 258
251 230 268
86 209 271
104 219 267
209 239 270
35 220 267
140 207 262
121 228 269
101 225 266
230 229 247
-5 221 270
29 205 262
154 222 265
226 214 260
217 219 266
202 217 271
35 191 277
37 220 259
75 224 266
36 217 267
56 200 262
107 200 272
97 214 259
122 225 278
208 231 268
0 205 259
181 216 252
125 206 254
185 228 276
16 214 251
24 194 277
43 211 262
138 227 246
263 231 279
77 233 273
19 209 273
3 207 272
79 227 274
231 224 264
226 219 280
234 231 260
230 198 284
43 234 273
