233 177 254
181 175 247
127 184 261
205 178 256
90 171 255
251 183 260
109 194 276
122 192 241
32 189 255
239 189 238
75 202 255
130 204 258
150 191 265
63 177 249
50 191 240
131 201 264
139 177 255
235 182 253
127 177 262
159 192 258
232 192 259
80 168 266
177 172 252
235 177 273
216 193 252
15 192 255
196 192 252
182 194 266
63 187 261
53 199 247
126 174 248
88 166 254
190 184 262
94 199 263
163 203 242
216 186 250
228 182 253
82 190 263
52 163 253
35 183 260
183 174 244
200 176 261
34 195 259
18 196 258
41 197 250
132 167 234
111 208 268
57 203 259
63 195 240
164 174 249
52 161 243
26 187 257
149 189 252
12 181 250
235 195 238
250 173 267
197 183 258
107 194 252
111 196 258
67 177 259
13 175 250
137 192 267
201 191 244
87 182 262
188 204 274
168 187 270
109 163 251
46 169 246
201 181 251
52 175 251
130 187 259
37 189 251
-1 191 261
24 182 256
203 182 253
70 180 255
189 172 275
244 197 264
61 197 263
182 191 253
212 179 245
255 186 266
161 187 261
247 172 251
98 188 239
118 191 267
2 193 260
124 198 276
155 191 241
32 169 258
162 188 255
244 189 279
192 179 246
113 191 250
131 179 250
189 196 249
16 187 256
14 173 252
116 205 247
160 194 264
122 189 268
128 188 260
70 194 255
63 190 252
193 180 256
135 183 257
160 164 240
101 195 253
146 202 257
22 192 258
188 200 255
236 188 259
116 169 262
149 180 244
245 187 257
236 174 252
9 187 255
-2 175 258
42 192 262
-1 203 285
216 206 258
122 166 258
192 188 246
180 188 262
226 205 258
126 187 251
254 182 278
82 176 245
48 188 243
92 199 235
24 193 252
68 179 264
107 178 261
148 190 248
151 173 252
160 187 248
58 184 258
153 196 267
