105 189 290
221 194 287
127 202 288
172 200 303
151 200 317
144 204 286
218 178 292
48 188 295
43 204 298
151 171 300
215 213 304
86 203 291
131 196 302
-2 205 305
175 199 305
244 195 302
87 205 297
54 188 301
89 196 308
238 226 288
118 206 306
88 191 297
29 189 295
25 197 310
197 199 329
3 195 307
195 187 304
37 201 297
44 210 304
17 210 302
130 196 305
145 204 315
71 211 290
250 222 303
192 197 324
140 207 302
16 208 279
100 195 314
103 186 285
147 208 290
132 209 289
59 219 278
103 184 301
174 208 309
226 214 310
151 203 292
84 200 279
117 204 317
14 177 290
38 185 279
165 185 311
84 207 293
83 223 277
198 212 303
129 195 318
148 199 290
56 201 297
139 209 308
139 201 271
214 213 306
190 198 296
56 207 292
139 185 316
199 206 293
0 199 288
156 177 294
24 183 292
137 195 312
96 195 291
47 188 282
80 215 298
188 194 281
138 182 295
78 217 295
123 203 304
123 230 284
130 194 297
111 202 306
143 206 292
218 228 291
127 193 298
180 195 302
262 199 298
124 206 302
85 187 300
186 208 297
2 181 280
204 206 305
62 201 308
165 195 311
249 207 295
174 191 310
190 202 299
163 190 302
194 216 296
203 176 323
171 215 302
25 221 309
247 197 305
163 191 293
199 182 300
225 178 308
238 205 298
50 204 308
243 186 305
91 208 316
234 195 299
214 209 306
11 193 303
116 196 301
165 191 305
58 215 299
34 222 301
146 216 299
252 216 298
163 225 304
120 198 284
161 206 291
26 191 297
225 216 300
114 198 295
73 187 303
204 211 302
100 180 309
40 179 286
69 206 287
69 211 301
219 194 317
161 182 295
120 205 292
222 212 310
25 199 303
170 213 292
22 200 288
