207 184 251
137 189 251
173 193 253
136 180 257
81 186 270
125 182 252
100 197 237
91 184 254
4 188 253
129 193 247
75 180 239
82 194 253
252 209 248
206 208 250
28 189 233
12 187 241
51 185 255
72 170 247
124 197 237
67 188 256
216 186 246
173 203 241
75 203 261
196 174 250
160 206 254
151 175 261
80 200 258
207 189 258
29 210 249
190 168 258
124 192 255
70 205 239
156 183 262
95 184 249
111 194 237
198 201 254
158 193 249
161 201 250
50 192 247
161 193 246
144 184 260
116 183 256
166 175 258
180 185 250
252 169 256
63 200 253
250 184 251
92 172 249
58 182 263
90 179 257
98 193 253
97 220 253
198 196 260
224 207 254
155 187 293
31 187 263
141 174 236
152 180 258
208 177 256
148 203 248
2 193 252
52 182 251
77 179 270
30 173 253
194 184 239
33 185 267
85 185 269
67 174 255
98 178 248
92 173 273
237 201 251
175 218 222
97 190 253
205 175 255
169 202 240
214 177 251
127 189 246
49 186 243
205 178 268
91 181 247
124 189 245
58 203 245
23 190 251
53 181 253
210 172 242
147 186 257
85 164 254
254 183 251
238 173 247
170 180 258
22 187 250
86 195 266
12 189 250
94 189 248
67 178 255
243 158 235
79 167 250
13 201 240
236 172 254
215 173 247
163 184 250
94 199 249
243 182 251
204 202 245
20 190 262
115 164 254
51 187 260
104 202 239
197 178 234
103 191 257
101 184 241
36 165 266
135 191 250
74 205 249
210 181 260
122 175 259
23 190 241
180 193 251
249 187 265
214 159 247
9 200 256
3 175 242
151 191 256
