160 207 262
243 192 263
217 194 264
75 178 259
113 177 278
32 186 265
214 177 279
106 182 258
15 174 269
178 176 274
50 185 264
51 188 279
124 179 262
205 156 276
142 181 262
19 202 255
110 192 270
194 209 269
247 199 284
2 198 263
19 196 280
250 184 264
167 205 286
221 169 272
63 170 251
210 185 274
163 189 256
16 194 267
222 188 277
104 177 275
66 195 269
90 191 260
141 184 269
185 178 269
128 191 259
108 202 263
124 203 260
185 179 281
50 189 261
195 202 276
182 189 261
230 182 253
151 191 283
61 186 269
50 185 260
111 191 272
84 188 269
21 196 248
108 184 255
212 194 265
246 176 264
84 198 272
125 189 269
199 185 279
31 179 279
28 178 252
205 183 268
5 196 263
192 196 277
240 188 275
190 200 282
59 172 274
225 173 262
130 177 251
48 177 258
8 184 275
212 188 266
140 197 273
163 213 267
56 180 271
206 203 272
187 204 276
216 192 274
84 189 267
212 175 277
192 175 253
198 199 277
240 181 285
103 196 270
224 189 255
78 175 267
44 173 267
229 185 264
101 166 259
46 189 246
46 187 263
98 186 258
109 190 269
4 179 261
35 188 243
195 181 267
140 165 266
111 183 256
237 192 270
194 178 272
35 197 259
148 198 278
72 194 268
-11 188 265
80 167 270
226 196 256
214 191 268
237 202 272
66 177 269
97 191 276
126 201 258
14 176 257
8 173 257
132 185 288
161 194 278
55 197 278
95 174 267
243 196 256
146 213 259
64 181 278
248 200 276
115 194 265
25 175 266
202 195 264
114 183 256
186 192 267
129 195 264
143 173 275
216 184 264
239 183 275
42 186 270
164 206 265
90 179 254
235 166 286
112 186 269
143 173 274
212 195 279
12 202 269
130 176 260
56 192 265
21 190 266
196 188 279
252 183 273
203 192 259
72 182 256
92 195 265
68 178 255
46 191 264
190 196 260
55 182 265
45 164 266
208 174 272
188 184 278
201 176 277
121 199 253
199 194 274
24 164 256
142 195 274
