39 178 225
147 180 213
223 181 243
56 230 225
154 202 223
149 204 226
148 192 232
164 164 222
70 212 225
91 187 231
32 196 249
75 189 238
135 204 207
5 191 231
231 208 246
16 184 258
125 167 256
130 182 236
58 181 217
171 180 220
124 184 241
184 196 217
78 197 254
45 183 240
71 196 232
80 189 243
27 173 230
77 195 223
56 209 254
129 210 255
42 183 251
214 182 230
200 195 210
148 190 228
81 208 232
63 189 239
139 205 239
223 192 243
72 188 233
166 194 220
24 192 243
223 188 225
12 175 230
106 171 230
94 177 230
208 194 240
60 185 242
103 200 258
218 197 225
93 190 219
148 190 245
15 192 272
257 175 231
135 202 221
175 176 237
26 189 236
207 194 222
204 182 234
217 201 227
137 182 237
124 188 234
70 191 212
167 195 228
13 196 249
193 188 244
23 172 239
43 183 241
87 193 236
91 209 223
192 197 232
244 205 232
151 211 229
49 194 235
165 183 226
124 201 228
173 190 246
157 182 226
219 193 226
183 200 232
97 202 223
8 203 225
190 184 231
58 186 234
197 168 241
33 199 223
212 217 229
112 191 226
224 197 231
30 193 242
233 201 221
156 192 227
243 201 246
133 180 226
77 199 243
115 201 256
18 215 240
194 178 230
185 188 223
192 187 219
247 186 232
172 186 221
247 187 235
195 208 240
243 189 223
213 216 244
84 180 235
15 177 225
196 184 240
58 198 249
46 203 238
83 194 246
120 193 231
108 173 247
104 199 216
148 183 234
0 192 242
209 185 224
118 203 212
158 194 231
60 166 234
104 188 236
224 183 232
182 205 244
181 179 225
78 190 228
62 187 237
160 179 229
13 191 239
126 203 234
187 200 234
111 167 220
136 198 228
18 194 245
235 193 242
77 188 236
68 197 243
63 197 217
