42 211 258
244 179 272
100 200 248
170 178 248
213 158 246
224 191 257
135 192 266
29 194 268
244 203 253
46 177 259
88 196 248
70 203 253
113 189 254
164 195 240
164 183 259
76 207 232
116 186 266
66 189 247
66 212 258
171 183 268
198 197 254
75 188 265
215 189 250
88 181 248
179 184 244
225 183 258
62 198 255
40 197 274
98 182 250
80 164 238
165 211 268
214 196 243
131 187 257
233 203 258
168 202 246
110 194 257
200 192 254
73 201 251
254 204 262
170 176 275
120 188 269
101 188 236
76 175 251
170 200 248
202 183 265
180 190 274
33 174 257
-6 188 263
144 184 256
0 200 248
57 187 244
137 199 249
49 190 259
4 188 269
165 199 254
13 194 253
18 185 259
125 184 262
68 176 257
35 188 236
242 181 261
145 188 271
102 176 250
51 201 266
223 201 244
18 201 267
195 185 246
206 191 241
99 181 260
204 189 260
100 190 254
228 193 255
92 201 251
216 198 256
242 170 238
10 163 261
169 203 268
213 193 256
102 193 267
216 190 253
196 196 243
250 191 252
178 196 261
149 179 256
238 180 245
218 192 249
143 196 253
13 198 244
147 189 259
16 189 250
135 174 249
33 164 258
200 194 259
68 188 271
220 193 248
147 194 242
5 168 250
14 194 244
99 202 259
130 183 259
174 197 262
78 202 240
160 174 249
255 179 277
107 202 263
262 190 263
185 197 238
201 197 254
6 192 247
100 170 246
164 209 252
106 177 253
255 206 271
203 208 271
160 200 252
69 193 255
