61 191 242
209 178 250
192 191 266
37 205 265
60 188 264
198 203 248
211 200 252
252 203 243
159 186 251
41 173 279
206 175 250
137 202 251
221 181 251
69 197 254
82 195 253
0 177 252
205 183 235
156 176 267
195 164 246
121 179 267
120 179 258
189 183 262
183 174 270
204 182 268
204 197 240
52 154 264
90 186 267
63 189 260
73 172 256
265 184 261
149 182 260
23 166 260
119 167 245
163 183 242
122 166 250
125 165 259
79 188 256
129 201 239
96 184 254
225 176 243
91 184 261
85 192 264
-1 168 266
9 171 250
195 206 257
14 192 251
101 182 258
119 186 278
150 177 256
128 187 247
221 179 259
239 189 263
132 194 243
0 192 253
39 181 257
116 182 247
242 175 267
149 184 252
139 168 265
72 199 252
260 192 258
53 187 254
14 182 262
210 190 255
218 191 246
134 206 265
126 187 255
205 182 258
141 205 252
184 163 258
168 198 251
217 171 249
6 187 254
196 194 251
86 185 257
163 187 254
214 192 277
116 162 247
9 165 250
75 189 258
204 188 269
52 174 243
229 194 254
147 157 250
110 186 249
187 157 258
153 184 278
23 194 260
248 209 264
143 169 257
221 189 259
234 167 269
52 178 254
89 189 273
77 187 257
24 181 269
204 170 254
236 175 264
38 190 263
74 199 265
186 190 256
226 197 263
166 171 258
121 165 243
47 191 249
228 199 252
242 165 272
139 182 266
103 189 241
36 188 255
0 198 252
41 198 260
4 176 251
68 209 258
69 191 261
40 187 262
236 183 262
176 179 260
15 188 252
222 194 254
199 189 250
218 198 260
17 196 253
147 197 262
