63 177 257
238 191 256
81 194 259
105 189 251
31 178 264
21 196 260
119 198 260
138 191 238
250 213 253
138 187 251
25 195 264
129 163 241
21 164 246
36 187 268
180 195 255
112 198 269
218 195 259
160 184 242
180 185 266
50 196 251
104 201 249
254 198 259
209 195 261
254 184 242
175 181 238
189 192 246
259 196 262
159 187 273
167 202 259
13 227 267
35 174 265
195 193 247
130 172 267
125 170 256
30 188 246
67 208 257
144 201 256
50 192 241
31 182 239
227 183 272
225 190 259
205 180 269
79 201 267
93 185 263
153 199 269
134 188 272
188 200 268
123 189 252
239 178 245
174 176 250
140 172 250
119 173 267
83 199 257
-3 195 250
93 195 261
99 183 254
137 181 250
21 185 258
71 190 249
191 183 261
92 174 253
111 177 246
144 184 286
90 162 252
130 194 260
218 196 253
120 197 255
43 199 245
219 200 258
234 186 258
157 199 268
145 203 260
102 181 243
152 187 256
43 185 262
173 192 258
130 167 257
8 184 243
113 180 266
91 168 247
257 179 242
239 175 241
53 171 262
111 194 271
9 206 254
191 187 247
183 198 251
179 178 254
130 202 252
83 198 249
229 198 258
111 187 233
199 189 266
71 192 254
164 181 250
154 184 259
233 205 252
108 205 257
44 187 255
22 179 265
58 184 257
136 177 248
96 200 264
179 202 248
59 197 253
26 187 249
172 175 251
204 186 246
122 195 260
228 200 252
50 198 258
218 191 245
49 180 249
65 207 248
207 185 253
42 184 257
28 185 263
199 191 261
129 196 252
166 189 252
255 186 249
151 190 251
147 202 262
11 173 249
270 183 263
32 188 275
143 190 255
115 170 257
225 167 256
