189 180 268
13 189 252
218 164 280
165 176 258
234 188 257
-13 179 249
160 177 276
66 183 262
44 186 251
144 160 268
38 178 268
223 173 268
230 210 273
191 197 260
5 179 262
64 177 240
214 186 267
194 165 261
-9 191 260
122 174 268
145 184 249
106 158 241
23 171 264
216 202 278
88 173 252
252 180 254
52 169 244
217 177 262
226 185 277
33 180 255
139 185 268
78 184 259
11 165 257
182 172 259
117 176 259
271 175 245
97 172 259
191 173 246
124 171 258
187 192 273
13 172 263
205 181 270
191 219 274
178 182 264
22 180 264
127 200 257
219 180 281
85 203 257
157 196 266
244 193 249
59 194 263
11 192 267
262 187 273
32 175 253
248 189 260
80 194 243
66 200 254
96 170 269
105 177 281
249 195 257
119 201 262
204 174 264
33 180 281
91 174 266
178 181 245
78 195 277
174 182 273
197 186 253
89 161 239
208 207 259
227 173 266
199 179 242
45 184 248
181 196 271
183 181 261
251 198 269
235 157 272
206 188 261
123 184 269
48 176 257
137 196 266
42 200 262
244 177 255
76 184 258
244 187 258
204 171 263
136 197 251
-1 198 248
15 185 242
11 183 248
234 198 254
14 184 247
251 193 267
32 203 248
36 172 259
90 183 248
84 196 274
134 184 261
105 174 251
145 191 258
219 167 264
242 182 266
163 202 268
179 181 253
146 188 257
101 211 267
105 181 262
38 197 285
38 200 251
186 176 256
77 199 254
77 190 269
62 185 266
204 179 242
88 166 257
187 189 257
55 189 274
140 201 251
167 176 247
108 176 263
