36 180 248
41 182 253
219 189 271
115 188 251
163 180 258
109 182 245
139 187 264
175 190 259
180 173 263
38 180 251
73 174 255
78 206 250
241 190 255
70 182 245
175 183 243
43 166 254
175 191 259
59 178 267
149 192 263
253 182 252
19 190 241
210 172 249
17 183 244
117 204 263
103 153 255
148 184 277
60 182 257
116 177 246
120 151 257
69 198 263
109 185 243
171 188 256
18 200 244
175 202 257
111 196 269
227 182 257
19 203 265
112 173 249
29 191 278
131 171 243
204 177 249
32 173 261
76 174 262
93 185 242
221 174 259
55 179 264
242 170 269
108 198 269
242 187 245
169 180 258
162 186 254
206 163 247
101 181 231
231 165 265
147 179 242
239 200 242
244 189 264
28 198 244
118 196 258
245 179 244
63 192 243
75 180 255
2 180 257
134 205 249
17 176 283
10 195 263
59 181 255
192 186 263
147 171 267
20 187 265
114 187 260
183 183 264
231 167 266
130 186 254
36 194 250
217 165 243
64 190 261
41 214 273
234 200 248
244 204 248
2 184 262
229 191 257
126 179 248
77 182 255
99 176 260
20 200 239
213 156 256
206 199 262
108 196 256
228 195 245
9 190 246
92 186 256
144 170 263
27 177 253
128 176 253
72 201 253
205 186 269
216 187 236
26 195 265
50 177 254
155 176 248
178 201 243
34 203 255
77 193 251
239 179 245
235 187 245
214 191 261
62 182 257
7 198 243
166 192 250
204 173 250
107 183 251
-3 178 257
241 197 262
26 183 270
20 192 257
178 183 250
