107 188 255
87 198 244
18 199 255
125 191 245
166 201 256
131 197 261
115 199 255
250 175 257
77 204 250
174 223 263
109 205 243
148 177 260
80 177 253
130 186 258
48 189 251
166 199 243
146 192 262
195 180 234
22 184 262
205 190 241
84 194 252
201 193 263
153 180 259
164 185 250
64 187 250
101 191 247
135 195 254
245 179 246
35 181 262
23 184 253
105 184 268
66 187 240
171 200 257
171 179 252
99 183 259
175 186 252
2 174 247
97 183 265
193 179 248
106 195 259
209 198 249
199 179 257
212 166 244
222 195 257
225 170 246
39 182 244
186 194 278
179 192 243
185 171 249
131 195 245
49 179 257
104 179 251
231 191 256
209 189 263
117 188 265
212 178 250
75 173 266
121 169 244
197 185 247
206 202 268
180 171 255
177 197 234
-8 183 281
110 195 265
76 190 241
159 195 258
123 191 252
45 201 252
26 176 263
242 199 266
196 192 253
137 189 243
99 182 247
81 185 254
246 168 248
116 179 266
50 199 247
217 206 253
136 191 257
-3 209 234
7 202 240
104 188 278
67 175 244
142 186 247
95 179 262
0 192 262
117 189 247
203 195 254
173 170 248
122 189 249
83 173 266
-2 174 252
57 177 255
85 180 245
70 210 251
74 192 256
113 205 244
185 175 232
18 197 256
58 180 264
27 200 259
144 158 259
155 166 229
187 193 247
36 201 260
202 169 229
193 193 260
181 194 248
112 188 250
70 187 255
200 182 258
115 185 265
23 182 266
28 189 244
250 172 263
75 163 259
154 181 255
