44 198 274
146 192 262
36 192 262
36 196 265
106 196 233
52 184 249
31 175 248
257 184 242
259 196 242
148 189 259
228 189 266
62 176 252
47 190 256
99 211 259
115 202 251
203 200 258
154 194 255
220 173 254
256 191 263
153 195 264
37 183 269
84 187 238
199 189 262
192 198 255
228 184 255
113 187 255
109 213 249
41 193 251
22 192 257
229 183 266
140 195 265
87 207 253
11 192 259
51 183 247
67 201 247
77 188 269
184 197 258
138 173 251
212 196 265
44 181 257
248 199 237
84 205 253
34 211 273
127 187 248
217 193 245
141 188 254
217 193 250
230 208 241
29 195 243
99 203 241
10 203 241
170 192 244
132 192 251
116 208 249
252 200 261
151 177 259
-2 206 261
248 202 258
56 190 259
66 187 252
185 174 256
150 203 241
105 197 255
44 205 262
73 175 245
116 206 256
63 177 238
250 174 261
248 208 262
202 181 252
124 203 245
228 197 250
225 211 249
21 190 272
79 177 263
95 199 271
1 187 246
109 207 255
100 182 259
185 216 245
183 187 260
94 196 246
51 196 256
158 187 266
244 193 263
7 180 246
47 178 275
184 190 260
98 187 259
78 176 251
56 197 241
130 195 257
36 183 265
264 192 243
1 175 260
207 205 263
43 194 245
126 203 252
95 190 259
107 195 248
107 205 253
228 202 249
127 180 261
184 191 247
208 173 255
32 195 254
111 196 241
210 186 270
215 203 271
25 194 253
29 186 261
56 188 260
131 179 261
173 202 262
137 175 259
191 202 270
120 187 247
109 202 257
8 195 254
49 218 262
51 163 253
183 199 247
159 180 255
-2 199 239
77 195 263
243 191 270
132 213 249
4 184 262
149 180 246
65 217 262
141 203 247
210 210 251
