234 198 244
25 181 232
128 193 270
44 193 247
60 194 245
159 193 245
78 187 257
72 180 251
41 180 251
90 190 243
106 181 263
185 178 234
162 177 239
150 196 252
28 176 254
193 189 246
189 197 253
51 205 262
165 186 247
166 187 259
215 184 255
42 213 247
192 189 259
236 178 241
190 182 243
249 205 253
165 175 257
143 188 253
83 182 256
152 201 260
89 204 248
133 174 260
135 188 257
114 171 253
232 189 249
39 189 253
250 178 253
223 191 253
227 182 231
64 206 255
100 173 263
217 194 260
143 189 254
249 173 246
-7 204 257
194 191 244
169 183 241
65 188 269
143 199 259
141 180 254
69 195 248
44 198 266
151 196 265
33 194 273
92 190 252
121 192 261
195 186 267
148 203 264
151 204 256
185 186 262
100 186 241
48 194 253
227 183 248
108 209 240
99 193 242
119 193 249
138 182 246
96 194 266
241 197 261
109 185 235
169 180 241
106 205 244
4 200 247
218 204 249
145 189 257
232 202 269
64 207 255
66 180 241
189 176 245
83 191 242
81 197 255
122 205 254
85 202 260
160 213 245
209 196 239
43 175 265
138 182 238
155 195 249
182 192 242
12 175 241
164 203 255
234 168 254
81 191 255
82 195 248
69 190 231
167 177 251
179 209 244
74 188 259
178 176 265
90 180 248
12 166 253
166 200 250
241 188 250
116 202 252
120 195 263
62 192 248
50 175 252
39 209 255
177 182 247
157 179 252
17 177 255
136 205 269
57 175 249
218 192 265
