192 205 223
142 206 259
26 215 247
124 204 237
216 217 237
232 212 234
66 206 254
8 209 246
44 213 254
202 213 244
227 209 241
15 200 264
60 207 250
24 225 244
136 219 240
60 198 259
38 200 248
5 205 242
151 213 240
185 223 243
233 223 243
89 189 251
131 229 244
19 207 238
10 203 246
22 211 250
228 221 251
251 210 233
75 190 251
86 189 245
218 212 242
63 215 263
237 218 236
99 205 241
199 208 240
14 222 257
200 234 240
69 218 230
2 200 242
10 186 249
97 209 239
110 213 233
242 221 224
9 205 256
100 198 249
-7 182 231
99 201 259
209 225 249
188 209 235
135 195 261
54 209 263
110 226 239
79 217 244
60 203 250
93 216 261
257 221 238
108 209 243
157 204 252
204 201 241
7 195 232
32 208 252
24 210 249
134 220 241
226 202 234
76 212 262
234 214 228
152 207 231
123 235 248
187 195 222
68 215 251
215 207 251
72 203 247
38 199 260
173 219 232
-1 202 260
218 207 234
94 203 233
221 199 245
223 227 249
73 209 237
183 217 239
211 216 244
195 203 236
203 197 249
78 218 250
11 203 262
207 216 259
51 210 231
145 208 259
17 205 246
177 188 236
99 207 259
194 197 224
40 210 255
60 203 234
154 236 228
6 222 255
9 200 247
247 197 242
44 189 261
103 178 225
116 228 239
141 210 227
93 211 237
212 210 243
195 196 236
38 217 258
252 221 255
186 202 237
254 200 250
180 220 247
217 237 234
48 210 249
67 216 267
110 218 235
51 215 247
70 199 257
82 211 245
110 215 246
19 200 251
21 206 260
133 228 244
22 204 268
37 214 248
27 209 268
183 235 246
184 193 254
98 222 252
4 207 255
207 205 224
97 198 242
158 220 238
216 213 232
259 203 243
86 209 251
