65 220 257
146 203 248
81 209 253
133 185 256
247 198 246
209 204 261
161 179 261
-1 211 258
121 192 259
139 204 260
226 190 250
161 226 267
34 207 247
127 211 265
43 208 259
237 216 264
131 218 249
49 204 260
8 188 250
186 210 253
56 215 257
50 203 248
111 210 276
86 189 246
3 193 265
28 218 257
181 205 255
243 202 256
239 205 260
234 197 241
94 195 258
46 199 266
58 201 270
194 193 246
151 223 258
13 199 254
146 206 258
180 205 234
87 201 255
254 205 255
79 206 247
85 210 243
166 219 252
243 207 248
127 199 281
154 207 249
109 201 267
135 207 253
79 211 252
195 217 259
82 209 272
236 196 260
128 207 257
21 189 280
125 212 254
224 199 258
242 211 240
172 209 249
179 215 239
250 202 257
63 209 243
73 212 250
141 194 260
147 196 242
187 220 269
18 205 243
37 223 249
104 208 259
82 190 253
154 191 244
217 197 266
34 193 236
121 210 266
231 212 254
102 203 252
224 201 263
115 196 263
207 202 264
121 218 264
268 200 258
248 223 250
224 202 260
12 209 263
65 199 272
102 199 257
107 197 245
23 194 250
96 218 240
138 211 265
242 210 261
112 190 268
130 202 257
121 210 260
116 212 243
56 185 231
183 192 259
207 216 260
203 211 249
182 203 254
191 208 246
98 206 277
185 196 250
75 210 265
92 202 257
105 202 252
169 189 250
256 224 262
67 205 237
171 228 248
52 200 262
89 196 246
185 208 248
38 213 254
72 199 262
90 209 239
198 189 245
24 201 241
18 197 277
26 204 241
157 212 271
23 205 251
