250 162 241
189 172 256
53 176 256
39 165 253
15 174 237
77 179 237
20 176 257
82 181 254
83 176 260
47 168 246
228 179 245
134 187 248
24 191 238
17 176 254
14 161 249
133 170 250
99 169 250
84 172 240
35 172 250
192 175 238
236 172 250
198 191 247
56 170 261
251 168 247
97 187 263
22 175 248
90 178 260
148 188 251
76 175 259
0 173 254
190 187 241
6 181 246
139 176 269
198 158 263
51 161 256
184 190 264
166 165 258
64 163 261
116 173 234
188 170 247
48 176 250
232 169 252
219 175 253
269 182 244
230 179 244
7 175 240
54 183 261
216 171 255
185 168 247
149 167 263
156 184 249
248 173 239
185 174 251
183 169 235
71 191 252
63 180 244
247 159 237
30 166 242
169 160 243
130 173 247
97 159 257
74 161 253
102 161 237
228 187 258
128 178 242
119 187 247
35 157 254
151 165 254
137 196 252
169 177 235
205 170 242
109 162 253
48 159 260
172 159 250
139 179 260
245 175 232
221 156 243
66 185 246
32 169 252
122 175 262
221 184 254
85 162 253
53 170 252
49 166 265
122 159 254
100 164 254
104 174 255
165 164 240
192 171 249
111 162 248
139 168 255
207 180 267
40 174 251
150 194 249
215 170 253
39 170 258
10 158 238
194 143 270
211 174 247
82 179 252
107 184 229
62 173 243
122 162 234
243 180 272
210 193 252
132 164 245
18 174 267
151 172 251
36 163 234
238 181 272
52 168 263
238 172 254
215 171 242
63 174 256
70 169 246
170 195 260
118 189 251
124 195 247
