9 172 245
61 160 247
32 177 239
132 161 231
131 182 232
134 168 235
153 181 240
6 173 240
183 173 236
171 174 221
6 178 257
242 174 232
95 179 231
20 159 230
191 176 230
228 156 235
160 154 257
242 156 244
10 152 247
138 175 251
33 202 245
213 176 219
35 160 251
168 170 253
161 189 263
96 185 243
118 192 252
33 191 244
72 154 244
134 175 229
134 197 252
14 190 240
130 159 232
176 167 235
146 181 258
113 165 267
60 183 257
83 177 258
21 168 252
177 157 235
232 189 239
128 173 222
23 178 259
186 166 235
152 162 246
226 165 232
209 150 237
217 167 241
231 157 231
84 154 239
96 169 252
196 159 251
34 158 242
138 176 224
117 156 233
232 169 250
207 166 238
207 170 236
192 153 254
258 149 235
195 161 237
225 168 220
17 171 237
156 177 243
31 179 248
28 178 252
169 171 231
151 174 238
133 152 238
157 161 243
165 176 240
139 178 223
2 178 239
40 177 261
227 177 248
111 185 235
-5 165 247
107 183 246
54 182 257
206 167 225
37 176 245
4 182 240
119 160 236
246 165 232
238 172 241
204 163 242
217 166 238
211 164 230
168 167 248
38 171 253
38 166 234
190 163 225
5 173 244
228 168 234
10 176 238
125 162 236
151 150 235
213 168 230
124 172 244
172 172 233
231 168 224
160 173 248
130 154 247
40 173 244
11 159 250
14 180 258
49 194 232
99 185 257
113 173 232
150 166 243
187 167 243
44 192 269
226 164 242
7 173 245
133 163 235
170 164 227
70 168 237
183 159 254
