216 175 247
54 196 255
63 199 232
163 184 232
98 194 240
164 186 216
9 164 241
191 203 236
152 224 234
149 176 258
138 202 241
187 209 235
37 197 231
188 199 233
28 178 250
186 199 239
207 197 213
171 196 236
41 198 231
48 201 242
218 203 213
211 198 223
109 196 249
84 184 251
196 210 233
254 198 227
163 192 221
122 193 225
6 179 233
142 198 240
51 190 238
252 200 225
81 208 249
35 187 238
91 199 215
231 231 235
44 211 236
104 180 230
127 185 238
44 193 245
242 183 250
10 194 248
111 207 235
233 194 234
53 172 230
164 201 241
210 208 234
95 205 234
90 186 217
103 209 221
173 197 228
98 215 219
214 189 234
99 178 231
209 194 233
21 200 237
20 193 238
138 206 241
38 183 234
49 193 229
207 207 221
186 202 224
75 201 239
106 185 236
-1 191 234
56 203 244
19 176 232
62 197 246
228 204 235
27 206 238
12 214 222
13 235 237
64 197 254
72 190 232
39 174 247
114 184 237
208 206 221
138 202 226
119 206 231
40 193 240
76 217 215
100 207 235
179 186 230
140 200 225
25 196 236
214 190 234
250 199 220
143 200 237
104 206 220
159 202 242
52 190 252
119 202 231
151 194 233
141 199 225
32 177 224
24 206 240
215 173 240
235 203 247
74 206 246
227 173 231
90 188 229
173 188 244
51 187 233
60 195 233
73 199 237
200 206 212
115 204 235
232 206 232
102 199 233
244 193 222
138 199 239
9 193 250
24 176 233
193 200 221
172 200 215
230 197 230
223 190 228
104 192 237
25 182 233
152 191 243
141 194 233
121 200 244
194 206 239
199 187 237
22 191 244
34 187 220
177 197 240
63 193 229
60 186 243
144 188 230
140 204 231
99 189 226
37 169 243
145 190 225
195 211 221
138 188 231
150 194 230
222 194 240
152 203 250
245 215 232
206 192 233
40 193 219
262 187 238
228 187 228
239 188 228
