0 191 253
237 176 260
49 185 243
157 176 261
85 194 236
27 187 239
250 181 258
241 181 267
114 189 249
256 213 240
23 200 255
172 199 269
136 181 252
227 206 257
198 205 270
29 161 277
156 186 251
107 188 260
230 179 262
216 190 248
100 185 250
45 170 248
54 192 249
201 180 254
27 180 251
137 177 263
77 193 242
216 185 269
21 184 256
153 197 260
122 193 270
225 191 240
91 179 244
197 186 239
61 181 279
211 192 238
247 179 260
69 185 259
9 183 256
55 161 240
49 185 250
206 179 250
212 170 236
232 178 263
235 195 244
13 186 247
168 199 256
15 197 250
248 196 256
135 189 241
232 186 268
79 180 272
81 214 262
97 202 247
177 202 253
169 201 246
136 186 266
40 193 270
180 175 253
70 170 276
159 192 259
39 198 251
241 185 246
42 179 254
245 191 270
211 205 250
24 189 243
25 197 277
228 194 262
-5 179 269
117 188 265
59 178 250
176 190 235
75 195 240
127 188 249
78 167 261
91 195 270
199 181 262
37 197 254
223 191 253
50 180 253
65 186 251
41 184 253
0 202 286
76 172 261
229 192 253
247 184 242
147 201 275
0 174 249
10 192 259
3 186 241
201 193 246
69 196 262
39 214 255
90 194 258
198 195 243
143 175 237
166 186 257
20 192 244
102 169 264
69 177 238
127 183 257
193 205 258
76 190 265
199 190 240
123 179 281
203 186 269
68 193 262
94 187 248
268 198 257
248 214 261
79 200 246
203 181 243
214 198 258
136 203 253
87 176 258
244 194 256
211 205 246
20 189 247
70 192 266
176 188 229
