62 181 257
153 197 255
13 189 261
154 172 250
138 183 267
180 189 248
242 199 275
176 183 255
166 185 258
188 194 262
216 180 253
95 195 248
234 171 255
225 184 261
182 182 261
179 184 261
40 181 250
24 206 271
154 187 243
48 182 280
154 190 260
206 198 250
0 188 253
107 194 262
152 186 263
97 222 254
204 170 253
101 191 266
21 183 255
36 201 256
9 203 238
99 170 251
55 180 271
189 197 253
130 202 253
81 178 252
118 202 234
100 166 250
195 182 244
105 196 262
101 190 265
148 199 277
204 173 253
255 195 266
92 186 266
206 187 265
72 205 248
153 187 257
65 191 261
161 191 268
173 198 272
198 175 253
59 188 262
253 191 254
238 200 243
23 173 237
13 194 263
-4 171 259
99 212 242
114 161 258
246 187 253
75 189 260
186 189 247
110 187 240
121 184 269
236 203 258
64 155 250
121 174 246
161 193 263
107 175 258
244 182 249
250 187 259
196 185 239
118 192 258
17 191 256
247 186 255
33 178 266
39 194 261
125 187 255
126 174 263
177 184 258
95 195 261
37 202 256
28 192 260
136 177 268
129 190 244
117 177 248
17 197 250
158 187 251
165 177 244
148 162 268
208 182 246
34 172 263
86 188 255
200 186 263
178 175 250
142 175 254
11 198 259
37 176 250
191 178 244
153 197 279
133 178 262
11 197 266
7 192 277
239 164 256
99 191 259
181 170 261
184 185 255
15 197 265
97 193 255
58 167 267
66 212 241
227 192 262
31 160 260
193 195 247
252 195 263
59 200 255
108 201 270
136 184 259
169 182 266
107 183 271
255 197 273
119 185 261
127 203 255
