139 192 264
110 203 257
110 188 248
175 175 259
67 182 264
84 192 259
233 186 247
101 184 260
38 182 241
55 196 244
256 202 240
210 172 280
171 193 248
176 193 232
224 184 258
15 176 269
164 190 269
192 189 259
93 188 261
264 185 256
5 203 243
153 203 268
85 187 255
77 185 255
179 195 262
77 154 272
157 192 259
207 174 265
8 182 252
171 167 262
176 175 238
44 186 265
22 179 248
212 195 255
176 196 276
51 181 262
146 174 251
119 195 257
158 179 263
221 191 252
93 184 261
151 193 263
162 180 251
79 194 269
200 179 260
141 189 270
142 191 253
102 183 271
90 209 261
245 180 276
159 199 264
117 185 265
8 194 270
124 194 262
48 179 262
222 206 279
250 195 255
60 179 262
89 173 266
81 204 253
40 186 259
144 208 250
186 193 264
168 176 260
12 176 250
232 198 251
198 181 243
231 200 257
29 187 259
24 189 267
154 177 250
248 189 260
32 175 266
80 186 229
143 184 250
38 194 247
9 184 256
178 185 246
8 155 255
44 184 259
227 190 259
102 190 241
46 193 262
24 191 245
65 190 288
123 185 281
101 172 260
89 199 273
-1 193 264
115 192 254
93 197 248
130 188 249
200 192 264
193 184 274
148 180 276
102 192 268
-5 183 251
191 189 265
54 191 279
32 189 262
214 177 252
168 176 263
99 176 274
180 194 259
213 191 273
22 183 255
97 188 257
195 160 250
153 187 260
243 191 249
174 174 255
204 189 256
241 181 259
38 188 263
224 194 263
44 200 259
19 189 239
15 196 253
245 197 242
