64 183 258
197 178 245
224 180 255
234 180 248
105 168 236
185 176 262
19 191 251
186 187 248
164 185 260
101 181 248
116 198 264
166 169 258
229 172 265
112 184 235
14 191 246
89 195 265
133 175 251
72 190 244
89 191 256
-10 165 261
40 192 263
89 195 263
146 213 265
233 196 257
234 170 246
3 175 254
43 169 273
4 192 246
47 197 253
163 181 258
233 182 245
43 194 234
181 199 252
250 191 244
180 197 243
252 175 251
211 195 254
14 178 263
235 169 268
147 160 248
31 174 258
203 184 250
92 186 247
245 191 274
116 177 265
55 189 276
224 192 260
143 200 246
163 190 259
170 174 254
89 162 235
250 201 253
165 186 251
55 201 256
186 199 277
251 182 253
128 181 262
15 192 262
59 207 251
-1 184 272
57 197 257
108 185 255
62 192 262
104 172 255
196 193 260
221 191 257
128 203 261
251 201 258
52 178 246
131 185 248
238 203 242
180 188 265
53 200 256
87 196 247
17 210 263
152 182 257
259 183 253
91 191 256
29 196 256
145 197 260
189 189 262
126 186 247
46 194 251
179 191 253
243 209 261
172 183 255
34 181 242
113 179 262
116 222 256
21 200 245
117 195 253
209 177 251
173 189 253
28 188 243
0 225 248
81 174 270
102 182 260
173 177 239
111 191 251
185 173 244
88 187 251
-1 173 254
37 174 261
103 183 245
91 189 271
33 197 236
71 177 267
29 187 265
1 169 246
32 175 259
24 202 282
71 193 246
159 190 259
209 177 272
42 202 265
105 164 251
19 208 249
116 177 262
10 181 240
168 203 262
-11 175 250
71 210 254
91 181 259
63 180 267
131 196 258
43 196 255
