67 184 253
111 182 253
207 191 258
59 191 242
240 181 246
26 203 271
46 170 251
112 196 265
197 186 257
189 193 255
123 163 255
170 175 254
255 203 251
224 195 261
226 186 267
-6 176 266
104 203 268
186 182 265
209 184 262
142 196 268
19 199 253
145 186 249
217 172 248
65 193 253
79 174 265
32 178 254
208 188 251
-3 192 243
155 198 254
150 192 243
130 182 247
30 176 261
221 195 244
154 174 250
150 183 244
204 170 252
174 186 272
21 192 253
150 192 256
71 193 254
225 180 242
246 183 276
153 192 260
12 184 244
119 196 240
137 166 253
83 183 259
192 184 263
194 162 254
68 184 278
99 186 254
178 194 257
20 164 247
77 175 259
135 214 251
160 179 262
211 203 247
47 193 256
13 206 236
257 177 245
81 195 253
189 180 265
92 172 268
19 190 243
51 170 257
80 182 255
88 182 243
205 189 246
44 209 247
236 180 246
200 178 267
180 181 263
32 192 256
30 164 275
202 178 257
123 180 252
183 186 244
134 179 258
72 205 248
158 198 259
216 172 258
212 173 242
21 192 263
216 199 252
234 188 256
51 186 246
163 199 258
186 190 259
80 181 259
96 174 261
35 175 253
230 210 273
63 178 267
98 175 268
25 184 263
196 169 253
222 186 258
69 183 251
166 196 252
223 185 266
239 198 248
66 197 244
123 159 252
27 178 266
203 203 254
9 186 242
38 184 260
166 184 240
126 186 244
20 176 251
245 192 250
253 187 250
228 161 269
72 187 258
209 180 242
62 197 278
37 189 272
80 191 233
47 191 256
199 176 250
200 159 256
37 216 255
38 176 266
136 176 257
32 167 245
179 179 260
163 201 243
43 185 253
31 168 254
