127 174 251
103 179 266
64 178 268
124 180 258
63 183 248
238 180 251
153 178 263
85 183 244
76 196 275
68 183 255
6 185 284
161 182 248
111 188 259
107 188 245
97 195 240
92 191 239
254 181 262
65 206 244
156 180 244
216 188 244
238 197 243
64 197 257
222 178 253
245 187 253
75 182 232
224 185 231
52 200 247
121 193 248
23 197 272
132 192 247
110 190 249
165 196 277
216 186 257
108 193 249
3 187 262
32 175 241
145 192 251
174 195 254
241 181 247
155 182 263
54 184 261
170 175 249
193 169 252
114 197 238
195 204 252
192 194 258
135 195 258
26 189 258
226 169 236
207 190 260
123 183 267
72 205 256
66 185 255
94 198 250
135 205 247
91 176 262
137 178 253
22 185 265
201 174 234
21 181 269
109 186 259
53 169 275
121 197 271
232 210 250
124 184 240
133 194 251
196 188 244
172 203 266
24 205 255
178 203 263
95 174 255
42 169 243
173 166 255
69 182 271
156 172 253
48 176 265
51 177 257
92 185 260
12 184 259
88 183 270
246 181 259
189 184 261
146 210 246
263 180 256
83 185 259
121 181 249
228 201 249
128 177 247
138 194 262
96 167 263
136 191 247
124 194 249
218 189 258
206 170 251
212 196 253
247 175 226
44 197 257
168 183 251
24 210 269
148 153 263
180 166 276
188 190 235
9 175 247
213 163 240
235 172 253
42 197 256
73 174 234
144 198 259
26 195 252
169 177 257
79 191 258
235 195 258
238 194 241
114 176 257
58 194 249
25 180 250
77 183 261
