199 204 240
188 188 255
236 170 244
85 205 252
75 199 254
57 201 241
107 191 261
106 203 258
190 182 250
108 180 260
98 193 242
20 182 251
221 180 248
23 200 244
248 191 241
6 189 242
140 188 263
183 171 242
70 180 246
251 171 242
-2 189 253
91 186 254
135 192 242
239 196 240
202 204 251
150 188 247
104 205 244
175 198 240
115 171 246
233 163 245
12 198 250
72 178 242
259 181 244
163 180 259
227 188 248
66 171 248
176 192 239
113 184 237
33 177 270
28 201 240
47 201 228
209 175 228
185 168 228
67 163 245
9 174 262
237 179 234
82 176 256
44 181 252
7 181 237
70 175 247
247 187 237
100 189 249
93 196 244
107 190 246
176 164 247
83 184 251
243 186 244
0 182 250
85 176 242
23 216 250
211 185 250
82 165 229
184 183 245
83 172 248
-1 188 255
148 185 254
35 200 244
174 192 238
113 183 244
10 171 247
66 168 276
78 201 259
88 184 255
197 184 253
248 180 248
6 190 245
88 193 244
219 184 238
43 178 264
49 177 254
257 207 245
152 191 243
125 184 247
31 185 238
81 184 219
86 200 264
42 169 253
196 199 252
40 166 250
-15 191 256
223 183 251
17 194 258
105 174 238
78 182 237
182 170 252
18 201 268
59 171 246
83 197 261
243 174 246
95 193 247
86 191 271
41 208 248
20 185 259
204 182 257
100 197 253
134 190 249
83 198 241
49 219 250
204 202 245
25 205 256
167 181 247
55 191 259
122 175 239
112 205 275
3 175 271
66 179 256
41 185 239
97 188 244
232 176 236
113 181 242
24 175 252
59 201 253
42 188 239
122 191 255
174 188 252
173 187 259
60 192 259
224 189 254
46 180 234
54 186 261
18 194 250
208 177 242
130 182 244
