53 180 269
247 197 267
245 192 290
26 177 269
197 195 265
197 190 274
212 195 266
80 194 250
215 181 270
203 184 273
251 177 266
78 182 265
220 181 279
38 183 277
85 192 284
39 194 277
18 200 273
79 191 285
135 204 265
7 170 257
21 194 251
115 176 272
197 169 283
61 191 263
167 178 280
240 186 284
73 199 273
85 185 263
19 183 275
68 180 270
209 179 271
173 178 264
251 197 267
225 183 278
12 171 286
108 197 281
146 168 278
42 194 275
45 178 285
103 184 285
256 202 276
218 187 275
223 190 264
75 200 271
101 188 282
222 180 277
43 198 262
130 201 275
157 184 289
181 173 277
-1 175 264
141 185 268
193 183 283
132 198 283
184 189 267
242 194 274
91 192 288
42 184 263
251 182 272
140 198 258
125 197 266
25 208 261
165 169 251
203 201 269
184 186 277
210 204 271
163 193 270
188 176 259
242 166 277
14 207 269
123 181 267
124 189 268
188 210 265
166 191 262
227 213 261
80 202 255
229 182 269
-1 176 253
223 187 272
136 192 272
228 197 273
115 197 277
97 191 270
127 188 251
120 182 268
230 179 287
244 207 280
199 188 275
154 186 267
16 188 261
27 171 275
236 192 285
76 191 269
113 189 270
50 193 271
159 179 273
4 182 270
120 178 282
90 209 276
144 186 271
114 175 297
90 177 267
25 172 282
179 193 285
38 183 276
191 202 304
56 175 284
92 196 275
48 185 269
168 173 275
102 177 270
