115 186 276
113 196 265
5 192 258
153 183 271
84 190 278
77 179 262
68 194 272
174 195 296
186 219 283
132 202 282
234 204 281
22 192 267
71 211 283
159 194 291
12 185 263
41 195 275
138 203 279
189 209 267
60 180 259
19 175 274
211 209 265
57 197 291
55 189 261
-1 218 284
227 199 264
16 205 268
231 206 277
150 205 273
25 208 272
59 201 284
125 202 282
74 197 288
84 190 268
92 196 281
217 181 293
116 174 275
77 201 269
101 206 267
50 214 280
18 190 268
193 201 287
137 207 279
93 188 279
179 206 287
60 190 280
25 184 270
174 217 283
226 201 266
37 197 271
210 221 306
98 192 282
43 195 283
219 203 282
166 197 283
22 180 273
228 205 253
160 199 268
165 211 268
209 194 261
61 185 268
93 192 276
161 208 278
93 201 268
230 178 293
198 193 286
60 193 286
156 175 263
84 212 274
23 184 269
191 204 285
238 192 277
86 175 261
188 203 266
45 194 273
212 202 281
130 208 277
42 188 250
39 203 261
30 216 273
238 186 290
65 203 262
246 205 278
46 189 283
22 215 263
68 201 270
115 189 276
47 193 273
69 179 266
26 211 276
235 201 274
91 217 268
42 193 271
24 191 271
93 190 294
213 207 294
179 193 273
154 194 271
181 216 277
179 224 274
159 185 279
249 188 288
3 207 255
249 198 265
185 195 276
183 177 277
241 190 278
203 173 273
60 193 259
72 189 262
138 206 273
189 197 284
90 186 261
1 191 275
134 191 274
169 214 285
33 212 271
200 198 289
209 206 283
180 202 270
57 183 275
179 212 295
169 203 272
82 182 270
62 200 260
256 189 290
152 169 291
194 177 271
132 187 289
48 194 282
190 210 272
76 206 265
242 193 269
205 192 282
90 187 278
