9 193 255
56 187 257
37 198 246
129 192 247
56 193 252
157 187 253
238 187 258
35 197 265
120 185 254
53 180 257
183 180 272
4 188 263
172 189 258
207 189 266
167 205 263
181 176 256
238 180 247
204 200 256
161 210 243
-3 190 263
212 209 248
39 171 266
109 182 262
233 199 262
66 181 260
174 210 252
125 189 254
207 186 250
155 195 269
146 187 253
206 173 271
207 175 253
211 208 268
94 195 270
217 189 259
232 195 243
202 204 275
115 187 242
111 184 254
19 181 240
236 183 260
179 185 267
127 178 240
124 190 260
201 206 269
116 194 261
164 203 258
224 185 271
152 193 257
44 184 260
141 175 239
179 198 269
221 198 270
229 183 252
44 205 245
170 192 253
96 178 266
13 193 250
229 165 257
198 177 255
124 197 237
63 191 261
246 199 276
77 183 247
16 195 246
178 192 264
32 198 271
125 162 229
149 181 258
233 200 239
74 184 272
105 188 243
125 201 252
245 173 269
143 201 268
86 201 251
119 205 253
185 196 268
148 173 251
73 196 244
33 186 254
210 205 250
171 180 254
59 214 264
177 173 256
80 174 258
238 185 267
216 208 257
107 170 273
189 216 266
206 193 250
140 181 264
112 197 276
239 201 258
226 195 262
177 189 258
181 200 262
214 206 247
153 169 275
55 204 249
228 177 265
162 197 248
233 185 239
8 216 247
93 189 250
229 203 257
-11 195 252
83 182 248
116 196 255
148 193 246
111 176 263
155 161 250
197 183 263
51 168 260
3 178 254
135 191 261
