168 176 254
189 197 252
231 188 263
121 173 254
48 165 253
217 153 268
195 186 237
150 172 264
250 163 239
140 187 257
-5 200 251
-7 190 253
11 187 232
-4 186 256
43 171 271
29 186 268
231 183 250
186 181 237
187 170 261
86 202 248
168 176 254
102 184 243
140 170 259
50 180 258
42 163 263
145 189 266
216 163 234
137 207 248
221 170 245
135 167 256
218 194 249
10 194 262
183 209 244
10 200 259
5 169 249
51 152 251
221 194 245
52 175 246
183 203 278
134 185 253
216 189 264
59 191 261
20 193 245
107 198 254
123 178 258
135 197 264
15 185 255
28 184 250
180 189 248
176 188 252
171 189 245
77 177 250
169 195 254
192 187 253
255 187 265
197 192 248
153 184 235
81 181 245
219 194 258
163 161 253
201 192 257
182 202 248
7 191 250
137 191 236
34 191 268
132 175 241
233 178 271
42 183 264
78 192 252
155 172 259
247 184 245
139 178 260
76 185 252
13 169 249
204 175 272
154 188 253
166 187 253
189 185 256
46 199 256
219 184 256
58 173 257
164 174 271
191 169 260
173 185 237
237 194 242
39 200 254
20 188 263
27 181 254
57 189 259
33 201 260
182 193 238
251 186 245
65 178 265
226 183 259
163 175 267
29 190 247
49 182 259
246 188 252
230 188 242
18 179 253
