118 189 264
256 164 261
165 182 239
182 181 269
64 195 257
145 167 253
32 182 260
108 189 231
84 181 243
110 168 253
36 175 246
-13 191 262
44 179 259
219 169 262
168 167 259
245 157 253
153 173 254
225 184 259
121 182 260
110 166 267
187 193 258
96 180 242
219 178 266
243 186 264
117 173 257
105 170 253
140 180 264
38 180 249
157 171 275
259 180 259
45 195 267
23 192 241
165 186 247
204 175 254
18 171 255
60 188 258
190 162 254
201 209 258
251 181 254
3 195 271
137 179 270
36 185 257
54 194 266
72 174 253
168 158 257
164 174 251
42 176 264
209 170 257
14 183 253
190 192 263
60 169 258
207 186 259
128 173 258
202 187 241
104 171 258
43 183 260
140 187 248
252 188 241
166 201 267
210 178 257
14 170 253
62 181 249
50 161 258
43 177 250
215 177 259
211 184 253
229 171 267
9 185 267
92 173 269
55 184 248
13 200 260
52 185 245
81 155 249
87 194 244
86 194 247
135 158 250
242 173 259
191 162 249
94 176 244
18 177 253
189 181 259
42 182 251
259 178 253
55 192 266
64 166 256
73 167 252
149 184 245
49 169 259
159 183 253
115 175 249
83 199 268
240 171 274
115 166 258
143 164 262
33 185 254
107 175 266
206 179 254
249 201 273
197 188 262
134 170 250
78 171 261
57 169 252
136 179 254
93 151 232
161 171 248
240 168 256
60 193 257
166 188 249
66 176 262
244 196 261
190 192 251
217 176 275
248 170 263
6 175 265
181 190 248
178 176 250
96 193 264
234 184 248
210 185 279
146 185 256
167 186 279
