189 195 237
9 160 256
14 182 240
84 187 252
183 195 217
41 208 232
3 201 247
94 180 239
55 195 253
81 206 245
59 190 232
12 190 250
146 209 248
202 213 241
162 195 243
10 193 222
25 191 246
83 198 239
245 196 247
228 193 264
68 194 228
54 204 244
188 198 263
118 206 249
255 207 230
96 205 232
129 194 230
29 190 229
144 195 253
36 201 230
127 209 237
86 184 220
233 201 242
202 220 244
22 183 226
18 190 249
35 203 244
157 208 253
13 205 240
119 186 229
42 192 245
28 184 231
217 191 250
25 195 227
31 187 255
260 203 242
130 203 262
47 203 241
140 198 231
154 200 231
232 207 240
31 199 246
144 178 234
225 212 242
67 204 234
199 190 231
72 203 236
3 193 223
192 206 235
41 198 246
213 202 245
176 203 229
55 191 238
0 208 245
153 167 240
59 206 248
15 194 254
174 200 241
246 199 240
206 206 226
188 207 255
71 192 252
101 205 238
47 203 254
36 202 246
238 199 237
44 191 249
98 200 249
190 204 239
120 203 238
63 201 243
72 190 254
197 198 231
140 212 237
37 182 239
69 169 258
51 173 247
87 174 257
227 193 249
155 197 235
94 198 251
72 186 252
48 200 228
72 191 244
221 183 234
172 172 266
36 206 242
100 184 237
37 189 236
158 191 222
141 200 230
-7 206 236
155 204 233
149 199 236
9 194 239
19 189 243
118 193 239
50 177 230
45 172 245
117 193 242
232 198 245
72 205 236
213 215 237
68 194 249
