132 189 259
194 213 264
26 194 244
114 190 261
100 184 258
66 178 258
178 184 269
163 164 254
106 190 264
162 179 255
61 181 252
242 186 258
115 189 254
145 183 252
30 149 263
222 194 258
214 203 263
194 192 262
122 186 287
146 171 253
63 182 255
247 182 263
218 176 268
92 177 275
136 206 253
76 190 258
138 198 254
-1 183 244
99 169 271
173 200 243
115 188 259
190 208 267
85 200 272
25 168 260
8 185 263
183 194 257
164 185 259
89 202 278
58 186 240
182 190 259
165 200 263
184 197 252
244 182 265
91 186 252
123 189 252
63 194 251
126 182 264
151 177 245
64 176 267
38 179 264
91 193 244
181 172 256
173 178 262
174 205 255
193 165 250
33 195 267
30 207 244
202 170 274
197 172 260
14 182 249
224 202 262
168 201 258
95 208 276
237 195 257
104 204 272
123 177 269
-1 199 259
255 180 255
19 184 267
192 206 263
34 180 265
44 191 249
174 210 247
167 177 261
235 190 252
222 204 250
161 181 263
134 188 239
26 175 267
23 175 254
10 177 260
157 197 243
195 206 255
62 217 260
117 173 271
22 187 248
29 191 262
188 191 265
212 174 270
123 206 266
196 201 262
182 192 263
37 203 257
31 186 256
205 186 248
155 196 254
131 177 256
26 202 263
162 180 269
40 180 263
56 192 256
257 194 260
78 189 268
83 185 245
150 173 253
41 177 265
13 196 268
145 178 240
126 196 272
243 171 265
121 190 261
56 193 254
78 176 252
52 172 251
59 165 262
