179 221 257
213 199 246
217 211 261
173 221 258
66 184 252
204 196 261
27 200 254
249 202 264
25 173 252
234 186 269
206 195 256
225 210 249
26 202 267
41 204 246
19 213 273
238 211 259
162 218 256
263 193 257
231 203 265
234 203 268
123 186 254
176 192 277
182 187 268
94 186 263
5 195 258
86 207 256
35 199 269
183 212 244
47 201 258
65 205 269
241 193 269
101 206 265
162 236 245
214 202 262
66 205 266
176 215 254
253 203 259
9 201 268
125 187 264
44 194 260
25 212 263
-4 174 252
132 192 255
113 199 238
112 210 259
180 213 262
198 201 276
235 201 260
120 212 247
237 202 259
205 208 263
34 202 244
169 189 248
200 198 238
44 212 258
132 189 271
205 181 247
65 216 262
172 194 254
40 200 257
175 196 258
232 205 270
209 203 248
70 227 256
148 193 272
160 190 258
53 183 253
241 221 269
115 202 249
18 213 241
188 203 263
176 193 268
61 211 253
82 187 259
222 214 248
167 191 253
84 212 258
247 200 274
139 198 255
227 203 251
223 201 280
10 211 262
148 210 267
180 200 267
24 211 251
143 182 237
185 199 261
0 206 248
91 208 255
149 199 238
110 196 256
40 205 241
186 195 254
78 195 249
189 199 261
80 210 252
177 209 242
101 207 255
8 191 253
205 214 260
95 188 234
67 208 273
10 179 236
227 190 265
135 199 236
109 206 256
39 210 256
73 193 265
214 215 260
39 201 249
151 218 260
98 183 255
135 183 246
174 187 248
245 203 270
27 201 260
188 214 263
97 201 254
232 213 254
5 197 253
140 219 240
130 207 251
22 188 252
73 201 254
46 210 250
84 211 262
191 186 267
56 214 249
103 201 262
70 201 240
63 193 266
64 213 253
161 206 254
237 203 236
143 186 251
260 187 263
119 188 249
122 208 255
165 222 265
43 191 257
0 209 277
