94 192 256
56 169 262
210 188 258
156 191 264
168 198 254
96 191 251
82 191 263
233 197 251
172 183 247
179 198 239
97 185 251
100 197 249
87 184 249
242 177 261
210 188 271
173 201 246
111 188 254
129 181 262
72 188 253
87 185 250
140 193 247
66 204 264
263 193 240
164 184 264
142 193 260
195 214 265
79 190 269
133 208 271
25 197 259
248 201 265
28 185 252
216 174 259
121 192 263
222 193 243
56 202 274
210 189 264
92 182 256
141 200 268
146 207 261
151 187 241
71 199 254
206 184 254
250 171 258
62 200 257
237 194 252
136 205 238
169 195 263
220 200 275
135 206 274
16 160 265
155 210 274
193 198 256
1 199 244
115 221 263
142 198 255
150 193 249
197 189 268
227 213 260
188 204 255
102 200 281
153 184 261
39 187 250
132 177 263
114 215 266
56 197 255
53 181 248
26 197 268
188 171 242
72 182 266
21 194 249
110 183 265
79 195 250
34 188 262
189 180 259
227 201 255
258 179 265
110 192 263
183 196 257
192 180 264
152 178 263
98 187 252
145 189 245
33 184 266
29 179 235
192 196 246
30 206 252
125 186 266
6 194 248
170 197 257
86 192 250
145 204 279
251 188 254
31 203 252
11 187 263
168 188 247
127 195 266
146 199 253
218 184 266
147 201 252
214 198 250
208 195 247
265 202 249
6 173 247
145 206 250
242 193 248
64 193 251
189 191 256
235 184 241
8 156 260
193 207 253
24 168 258
125 196 256
206 189 261
151 189 265
64 199 269
221 179 257
179 188 238
109 188 259
