242 199 252
137 190 249
82 179 253
95 174 240
235 196 249
121 185 245
164 184 251
23 212 254
44 191 268
79 188 252
174 177 253
27 189 248
171 176 241
97 190 248
261 195 255
95 177 248
124 176 241
61 182 249
104 188 249
189 180 255
21 193 251
57 195 253
100 194 248
262 200 244
61 181 248
121 193 239
102 192 252
176 185 267
42 202 262
83 185 250
170 190 252
70 171 234
207 178 247
182 199 232
176 186 261
15 185 264
216 180 239
11 187 237
117 185 264
170 162 250
122 186 252
248 180 249
239 190 259
165 181 261
50 192 261
262 165 246
191 205 248
91 212 259
174 190 240
144 165 266
137 184 256
69 185 245
12 181 249
169 195 254
141 170 251
67 201 253
126 183 259
13 178 254
205 182 253
198 191 256
60 203 257
67 187 254
2 192 256
116 191 257
111 198 245
184 177 260
191 176 273
77 192 262
262 178 268
114 193 245
237 180 253
201 201 243
229 203 263
123 192 249
70 194 250
159 185 257
217 204 258
204 194 253
174 198 249
121 181 239
198 193 245
212 201 252
105 179 256
237 173 249
193 163 275
225 199 250
109 173 257
30 200 268
242 173 267
131 194 256
49 209 261
99 174 256
114 186 257
107 174 254
85 220 259
54 181 250
234 201 258
28 186 249
104 194 253
199 196 253
130 171 250
118 189 253
219 173 273
86 190 265
95 204 256
241 157 253
34 193 260
65 201 262
155 190 253
182 188 262
85 193 262
51 174 245
58 195 247
59 189 245
211 180 266
222 209 255
144 184 263
236 201 245
215 183 250
157 178 241
72 203 265
166 176 260
22 184 251
101 216 258
103 213 246
21 190 242
119 181 261
151 187 254
177 191 257
24 191 250
4 175 251
170 208 248
253 210 265
115 187 243
