186 204 239
181 199 253
244 193 250
83 205 248
133 216 256
240 210 248
147 196 255
191 195 263
160 214 262
39 199 278
48 213 243
37 184 261
84 184 250
135 194 261
57 209 251
79 209 259
229 210 250
143 181 248
125 195 271
72 213 260
116 202 247
141 184 245
206 185 264
247 194 240
101 189 247
28 224 254
256 207 251
213 204 254
67 211 252
164 195 233
128 211 255
72 197 261
175 193 275
67 204 240
100 192 256
12 192 261
17 220 267
24 205 243
232 192 252
152 222 256
52 199 252
4 215 257
233 206 241
213 206 260
212 227 257
181 209 263
119 203 253
147 188 263
2 196 248
129 212 249
141 195 273
224 196 259
120 206 249
223 204 265
33 215 256
14 216 253
198 205 255
149 207 233
235 204 240
111 206 238
99 210 248
249 199 263
236 195 267
248 208 262
182 203 252
162 205 253
130 236 240
200 207 248
44 216 247
147 191 244
78 195 245
50 212 246
202 197 251
96 201 254
48 186 237
34 184 249
17 183 237
115 198 251
180 214 261
162 204 254
173 206 245
238 193 266
108 197 264
101 190 244
62 211 249
247 207 250
226 190 238
161 218 257
218 205 265
29 201 253
84 199 254
64 208 266
86 188 242
121 194 249
232 182 255
153 172 259
217 203 257
151 201 270
199 213 266
232 210 244
149 192 248
214 198 231
258 199 245
238 196 256
48 213 257
75 185 272
184 204 245
215 189 253
163 203 274
128 207 235
34 178 241
38 219 240
214 198 237
124 214 265
139 174 256
140 219 249
77 180 245
71 184 264
57 196 268
246 196 258
142 203 267
