204 184 238
188 199 253
191 201 261
69 184 265
138 181 261
40 183 259
15 187 268
52 181 251
60 175 250
153 186 256
66 193 258
90 196 253
35 191 245
80 183 263
15 189 284
242 187 252
139 188 256
48 194 263
242 198 260
195 185 242
176 194 253
27 191 265
161 187 237
109 177 256
213 195 276
-11 190 255
168 194 242
55 200 264
235 180 236
96 184 249
58 193 254
66 191 264
202 207 256
139 204 262
170 195 258
179 203 253
43 195 246
52 191 256
151 183 240
46 182 258
15 189 235
209 186 241
115 187 262
82 198 267
92 187 259
28 185 258
130 178 292
157 196 235
-2 205 260
192 193 245
178 215 250
111 201 252
151 202 244
76 174 249
175 200 256
0 172 250
144 202 240
216 178 237
167 178 252
26 194 236
197 189 257
230 199 246
24 180 264
188 187 256
180 192 237
163 189 235
119 176 243
33 189 245
209 207 234
17 187 255
40 186 255
152 188 264
190 189 266
164 184 241
20 186 251
116 187 235
6 168 240
213 202 256
54 196 262
239 186 260
170 176 257
92 173 254
50 172 269
40 183 246
222 186 256
188 183 258
202 196 248
195 205 263
107 188 263
34 176 253
25 181 268
175 201 242
95 191 257
26 202 259
43 191 251
25 195 261
31 187 245
193 196 238
37 185 255
258 181 259
174 178 246
95 190 246
26 180 250
189 181 255
189 183 258
199 179 256
229 189 253
197 187 250
79 178 267
49 212 256
15 191 256
214 188 256
52 183 239
187 179 254
151 174 260
167 188 248
99 184 255
157 218 271
164 205 275
202 179 255
221 172 248
109 217 245
63 186 254
16 199 254
187 179 254
161 173 252
217 190 254
100 195 274
176 176 256
35 197 249
