45 181 255
145 175 261
243 191 271
89 183 259
108 178 273
214 170 256
44 196 270
88 189 254
97 178 256
175 203 248
125 202 259
204 197 249
43 210 257
66 173 277
107 180 239
75 184 246
146 188 263
100 191 266
11 189 261
239 174 255
136 181 240
13 190 255
190 198 267
96 178 256
223 206 258
232 195 243
39 162 296
26 191 267
56 190 248
128 201 249
57 208 264
47 184 263
91 180 235
98 172 265
55 194 281
161 173 255
246 189 269
68 187 260
177 197 253
141 184 255
155 180 259
31 191 265
169 196 260
41 190 248
241 181 254
52 190 264
204 191 256
30 183 261
78 210 273
163 190 246
25 168 256
188 194 268
147 179 263
219 178 252
44 205 250
66 179 261
98 186 258
157 195 248
257 195 256
122 188 254
6 198 255
50 192 264
254 199 259
251 195 250
86 192 253
103 174 258
223 188 244
29 187 252
58 183 261
8 194 252
150 188 257
213 172 263
227 163 263
104 179 249
200 176 274
167 207 245
65 194 259
102 185 261
139 181 252
93 190 253
246 191 247
18 186 239
119 179 262
166 195 271
109 198 253
230 198 244
102 190 273
173 189 253
205 185 253
85 191 265
138 194 266
198 197 249
46 184 262
128 182 260
160 192 267
77 180 253
222 205 251
45 172 251
77 203 259
145 167 256
43 188 245
250 185 271
267 188 261
242 195 287
47 206 239
241 167 256
26 176 283
53 178 264
180 170 246
148 193 255
88 184 252
112 185 252
21 175 248
240 193 251
