217 198 253
161 190 239
155 186 242
110 201 237
170 193 271
14 178 241
138 198 247
104 184 250
96 204 258
27 180 239
251 184 255
224 199 244
140 177 241
158 195 250
211 185 243
214 195 243
78 166 248
107 190 240
216 177 254
76 190 240
199 212 257
150 190 231
189 200 254
172 208 251
83 184 235
227 207 243
76 190 255
136 189 250
2 196 254
49 205 253
106 178 241
52 192 250
246 205 233
202 181 248
121 206 240
126 186 234
103 186 258
242 203 238
157 194 257
178 199 259
66 173 247
46 192 233
69 170 222
247 182 257
40 177 241
135 199 230
108 189 242
185 196 235
237 187 250
51 198 228
165 193 239
227 202 223
132 188 246
250 195 260
176 190 244
203 204 258
118 194 254
149 199 255
20 176 236
198 199 252
242 187 245
158 189 226
234 176 255
41 181 235
89 190 234
243 183 238
110 176 242
66 189 263
226 191 249
219 207 245
24 179 254
69 177 238
205 177 250
160 197 250
181 198 256
98 184 238
146 189 254
121 182 271
188 179 262
81 221 232
129 180 224
87 197 259
45 169 242
104 178 250
241 195 236
144 196 242
48 197 249
244 168 241
40 194 239
219 182 250
154 191 248
62 191 251
243 182 244
231 177 235
133 192 241
220 182 252
203 175 251
126 207 237
169 185 258
38 172 266
219 190 231
217 191 253
192 194 245
194 175 250
243 191 256
176 192 232
19 185 220
80 183 246
168 204 247
112 187 232
253 187 243
97 174 252
188 179 255
155 205 249
12 182 249
89 201 243
187 177 244
260 195 250
64 165 241
33 174 248
168 180 255
123 197 273
148 200 245
76 181 248
