256 170 268
64 196 260
5 181 261
163 159 251
119 179 253
127 173 248
117 189 274
131 170 280
254 171 262
156 173 275
190 159 267
226 193 268
117 170 264
104 176 254
185 182 276
140 179 265
213 190 264
81 175 272
244 181 268
116 176 268
207 189 263
21 181 259
187 169 257
59 177 266
70 191 259
29 178 262
116 168 255
87 204 250
217 178 279
137 178 263
179 207 263
142 170 261
121 190 257
106 189 259
41 168 258
176 187 275
67 187 276
122 176 272
171 175 263
238 179 263
110 192 261
225 175 271
61 196 252
65 169 261
237 172 262
118 176 268
12 164 259
168 188 278
124 195 248
37 180 269
173 179 250
215 190 255
186 180 258
246 175 260
81 187 255
17 192 264
134 176 260
141 186 256
198 175 265
-6 186 263
87 186 265
112 181 267
101 186 272
250 170 275
229 188 265
185 166 266
147 190 266
183 175 270
71 182 268
197 170 269
229 200 263
66 187 249
93 190 256
160 185 269
46 200 265
95 208 260
257 170 273
10 181 242
178 190 267
115 159 249
80 193 257
4 175 258
53 191 282
137 187 254
224 197 245
151 164 254
135 188 258
227 170 262
150 189 260
202 191 273
136 190 266
17 197 253
140 179 258
115 185 267
128 180 263
104 190 262
230 170 264
46 170 280
4 194 267
7 189 255
79 177 263
67 191 253
167 161 267
5 201 270
183 173 283
224 181 278
201 177 253
194 168 263
209 171 276
167 178 274
196 166 267
246 179 265
101 190 264
150 195 280
238 180 281
126 186 264
150 189 253
152 186 280
31 192 267
135 185 265
20 183 286
214 160 264
224 188 265
160 173 250
234 160 266
