103 181 248
67 196 246
178 202 253
70 193 260
251 206 262
87 178 264
93 196 256
148 188 241
154 180 255
215 199 258
89 217 257
20 190 250
149 194 263
255 200 247
197 171 258
241 183 258
91 195 256
40 189 275
12 186 268
137 177 249
81 193 262
204 179 257
32 192 254
250 196 254
184 184 260
215 173 264
104 177 257
163 189 253
111 178 257
33 196 255
107 194 267
246 192 266
239 185 251
31 185 238
162 194 262
142 180 271
126 215 251
222 197 239
178 202 255
159 183 256
171 179 266
182 202 254
108 180 254
204 200 248
11 207 253
143 198 271
61 201 266
91 176 247
143 192 257
31 196 248
22 193 265
209 180 248
122 202 247
19 169 254
203 189 241
253 181 241
50 188 243
74 185 253
212 185 282
169 189 266
191 202 262
19 177 265
108 196 253
153 197 245
84 207 237
223 200 261
169 200 269
19 222 248
108 179 259
235 199 252
64 199 257
156 184 239
168 180 258
110 201 239
223 189 246
109 215 257
119 195 254
186 194 267
86 197 237
118 190 281
54 202 238
124 202 279
177 201 240
48 199 243
172 176 249
228 186 248
162 192 257
189 180 260
217 185 242
89 174 242
243 195 248
1 188 265
248 187 250
177 183 244
12 185 262
101 181 264
198 197 256
167 209 248
255 174 261
221 194 241
15 208 260
6 200 265
180 205 247
246 180 259
258 211 255
45 182 265
106 183 250
179 203 252
79 198 246
64 187 272
146 201 257
210 196 270
168 184 250
228 183 251
57 201 247
90 183 249
7 190 258
63 189 276
119 189 259
76 179 249
213 200 251
15 187 253
254 186 253
105 200 264
156 185 254
225 189 249
123 190 239
168 190 246
74 173 274
139 192 232
54 197 253
58 193 258
251 171 242
