238 186 252
144 183 259
203 170 249
47 186 262
104 195 252
223 178 251
60 187 256
102 172 275
113 188 260
223 173 255
238 200 262
74 177 239
101 194 274
26 208 257
72 182 243
89 187 247
180 203 238
177 190 250
96 200 253
10 169 242
141 188 256
56 182 276
179 184 241
83 191 251
248 177 267
204 171 258
188 178 267
68 184 258
179 181 261
41 173 249
233 203 261
159 188 247
155 194 249
85 175 248
203 186 258
212 185 260
127 165 251
94 185 241
79 202 251
165 173 264
192 195 253
123 191 250
191 196 232
198 195 243
133 195 272
82 185 241
22 182 244
77 192 261
38 205 258
47 197 249
69 177 249
90 188 251
166 183 249
64 190 246
168 186 249
32 177 249
224 197 263
125 192 253
103 193 242
7 186 266
124 192 247
90 177 264
37 180 267
196 159 258
79 205 263
66 184 255
174 201 250
248 166 256
77 200 241
139 176 266
39 192 264
255 183 270
-1 186 256
115 187 259
173 186 260
97 199 250
0 205 253
160 196 252
215 182 236
109 208 249
87 185 253
198 184 262
35 186 257
141 190 267
214 189 249
139 195 239
205 189 233
161 174 259
188 179 263
200 180 256
243 178 245
164 178 260
120 193 261
235 187 256
102 192 242
28 190 241
110 193 249
26 193 237
75 200 261
224 186 243
147 188 240
191 173 255
173 177 257
206 190 260
207 154 270
97 184 251
28 200 253
262 201 250
102 195 257
61 212 252
143 180 253
129 177 259
