233 189 250
196 214 260
19 190 254
12 185 235
10 210 273
141 190 285
247 197 254
185 203 257
89 196 248
180 193 244
37 191 257
162 207 266
211 222 262
204 216 250
226 185 259
144 220 275
121 211 257
73 212 262
100 204 227
1 189 260
93 208 270
227 187 248
214 198 262
146 198 274
152 196 251
115 205 246
180 186 252
106 208 244
225 216 259
86 203 264
174 184 244
36 216 281
132 189 264
35 194 254
52 193 261
92 200 267
11 204 260
128 184 257
92 193 259
207 213 261
143 181 257
162 200 277
201 199 269
129 201 238
102 207 243
103 206 270
215 194 262
163 212 259
101 217 253
215 206 249
203 191 280
139 195 257
39 167 271
82 199 238
259 215 252
87 216 270
6 186 254
78 190 276
228 218 245
25 197 253
266 204 270
83 204 248
252 208 258
123 198 244
200 189 255
121 214 257
110 208 250
97 210 282
1 201 252
164 198 273
181 197 245
41 209 263
105 214 243
16 192 246
41 196 264
19 197 252
145 209 244
111 186 262
212 196 262
237 190 259
185 199 253
205 221 245
253 212 243
241 197 248
56 201 248
210 208 247
140 196 264
9 182 264
225 167 257
54 222 268
249 204 255
26 205 269
233 199 255
193 211 251
142 201 275
145 216 260
24 188 257
175 185 266
1 204 234
143 187 254
193 212 250
75 195 266
204 202 268
191 181 249
233 206 250
78 203 251
38 207 275
67 200 253
171 200 266
234 199 255
112 208 252
