144 197 267
121 198 278
94 178 262
223 206 256
189 182 260
208 189 265
111 193 267
250 177 258
194 163 256
174 177 271
184 202 271
11 202 263
108 198 244
176 174 258
67 185 244
11 192 257
225 188 256
185 178 262
55 213 272
180 183 275
223 190 241
132 188 263
253 200 256
162 185 241
175 193 263
58 208 278
12 198 251
125 203 256
63 193 267
245 184 260
190 199 255
13 173 270
4 188 253
16 165 269
212 190 259
34 184 263
239 176 260
230 194 255
69 199 275
133 192 254
174 194 267
160 184 260
109 191 246
90 160 244
92 164 265
176 188 255
126 195 262
112 183 254
72 187 247
50 184 265
22 180 254
120 175 245
131 195 267
77 186 263
255 187 261
235 198 260
181 188 252
140 165 269
159 200 265
163 187 248
139 183 257
87 174 247
34 195 263
23 184 261
15 191 254
73 190 239
191 175 268
224 193 273
244 174 241
230 197 263
73 184 264
143 176 256
213 196 266
105 198 268
46 199 266
188 176 241
99 210 249
257 174 260
229 191 258
127 185 244
174 166 251
220 178 255
156 192 251
116 162 247
66 197 274
125 180 259
79 198 256
157 197 244
245 182 268
137 189 252
34 183 265
27 191 266
164 188 267
12 176 253
67 218 265
29 186 269
200 180 257
227 186 265
256 183 273
56 174 272
78 188 254
50 171 254
233 191 249
-3 179 253
186 183 254
87 172 261
242 186 263
165 181 237
120 187 260
196 173 259
2 182 265
176 191 260
209 211 266
174 201 246
29 203 263
51 194 256
166 195 263
104 179 264
143 208 267
125 186 253
172 196 243
70 188 245
62 216 249
146 185 249
206 173 263
