227 191 262
5 205 248
227 198 258
223 194 246
22 214 258
197 191 260
142 180 278
57 199 260
260 176 263
196 171 247
76 183 262
136 193 268
5 188 258
217 178 244
82 172 264
127 185 255
17 189 249
84 175 269
44 187 264
153 177 237
166 195 250
74 201 257
35 170 237
132 197 256
122 202 258
235 174 256
162 182 258
81 192 256
48 208 262
161 175 250
149 159 258
15 199 256
76 190 270
142 187 262
149 182 253
187 187 254
74 200 255
99 181 266
259 190 264
107 170 253
179 176 253
109 191 257
102 185 262
50 185 251
214 193 282
185 191 234
250 185 253
187 191 253
80 188 243
169 183 241
35 182 252
6 193 239
181 218 257
178 201 266
194 178 264
159 180 257
182 181 259
219 173 260
259 185 257
134 186 252
181 189 258
69 184 266
121 191 250
170 201 241
239 193 244
206 180 265
51 181 257
60 175 250
164 201 264
53 201 240
45 194 259
177 194 262
249 168 259
247 192 243
149 198 261
140 177 257
213 194 255
217 203 259
218 202 255
242 192 256
229 199 249
214 186 260
166 183 252
103 182 259
46 205 242
59 186 262
64 203 258
189 193 257
221 197 256
37 188 259
48 199 243
50 199 245
154 190 259
161 179 242
0 200 248
127 183 279
50 192 260
61 182 250
12 177 245
35 188 269
63 173 265
207 193 249
114 185 244
