27 187 250
57 208 262
160 192 262
20 177 250
18 182 263
25 182 268
58 199 242
232 182 262
29 200 244
172 196 264
158 213 249
217 222 268
154 173 269
33 174 242
-8 193 244
189 185 241
109 185 250
234 181 265
87 188 243
168 213 242
245 205 246
39 191 262
105 191 274
123 212 244
68 191 247
74 198 256
34 183 269
87 177 246
25 188 254
205 198 233
189 170 242
200 194 260
235 197 246
178 182 254
262 206 250
125 209 250
243 186 258
86 184 235
24 185 250
240 184 252
194 182 235
120 185 241
30 189 248
128 186 242
61 194 247
105 202 248
232 187 250
216 196 254
77 205 262
74 203 228
82 196 228
85 186 253
164 193 249
150 192 243
43 177 269
159 193 259
163 173 258
154 187 272
121 201 264
230 184 260
146 196 260
183 200 255
129 193 282
23 200 261
176 188 249
151 178 255
115 191 243
198 197 258
136 187 258
83 204 254
228 196 253
36 208 251
16 193 258
174 216 252
3 200 256
153 209 249
109 192 251
32 199 254
171 188 254
0 192 249
153 198 251
133 199 261
58 173 260
151 196 242
243 189 261
135 211 265
121 175 238
202 186 230
227 187 270
230 185 259
227 197 237
251 161 250
234 200 238
239 180 242
232 168 251
34 182 259
143 189 261
5 187 254
122 188 252
210 185 266
64 188 266
67 196 238
166 194 247
128 193 254
75 195 255
157 198 256
199 177 251
-10 190 257
15 192 255
202 212 244
205 180 254
59 174 254
240 195 244
115 195 270
185 172 253
105 215 255
177 188 242
239 192 248
91 184 255
243 184 237
161 195 258
64 186 251
167 171 261
48 183 255
179 188 250
20 192 241
23 182 256
49 209 254
38 196 258
