241 187 259
153 206 248
206 194 239
18 204 271
36 182 251
239 200 249
234 199 248
48 218 253
254 186 260
106 198 261
118 192 248
3 190 261
122 202 249
122 164 255
85 189 263
200 157 246
47 186 244
137 202 242
235 183 248
121 186 245
89 167 258
79 196 253
176 196 254
99 193 249
192 201 249
79 210 253
231 193 263
217 190 262
225 191 256
76 190 248
44 201 253
11 194 254
195 202 262
106 180 262
186 212 254
61 190 258
14 179 263
121 194 250
190 191 250
73 188 256
66 197 245
27 193 261
55 169 266
0 195 268
246 198 256
39 189 279
153 193 243
54 201 254
167 193 252
109 190 248
17 180 251
82 190 262
10 192 265
138 197 256
212 187 262
123 172 253
162 191 243
243 199 254
144 182 247
179 185 257
208 177 246
40 177 251
65 179 256
258 178 258
-5 208 243
136 185 243
226 181 239
158 193 259
27 187 250
204 197 270
122 204 242
240 181 242
260 179 240
247 209 268
122 188 255
86 187 249
27 173 257
6 176 257
59 190 266
157 207 254
221 188 251
209 187 245
177 197 234
104 185 258
188 189 257
78 188 229
58 194 250
89 182 264
162 180 260
30 174 252
125 202 250
0 186 258
83 203 267
78 201 271
128 198 277
147 192 252
180 191 256
67 188 237
168 199 264
163 176 250
114 198 245
236 191 232
165 200 252
214 177 261
27 182 234
177 188 247
248 177 265
36 191 254
82 193 257
59 209 246
210 193 240
78 195 268
122 181 267
199 195 253
136 195 256
188 177 255
11 174 254
52 211 263
245 191 238
33 181 279
11 182 242
179 210 242
9 174 247
61 180 236
