115 193 252
159 203 258
211 194 238
9 188 247
182 196 259
85 195 258
111 183 274
44 193 254
261 195 237
182 189 251
193 192 266
94 194 265
42 189 239
90 187 255
189 203 249
31 193 256
4 184 248
101 194 262
169 193 246
76 184 262
96 167 253
140 193 253
144 183 257
34 189 251
29 203 253
99 196 258
245 193 232
27 178 255
46 191 243
9 181 253
14 193 259
54 191 267
157 170 258
132 166 248
98 197 248
229 176 250
54 186 256
107 193 266
90 191 257
201 183 280
79 165 265
167 193 243
224 188 260
220 201 254
142 203 248
46 188 264
75 190 268
92 184 263
218 187 267
97 195 245
55 171 253
136 178 260
205 221 264
85 176 244
240 185 246
176 169 242
216 178 245
207 212 247
85 181 270
13 168 260
85 199 242
36 185 249
249 191 267
60 216 262
188 188 251
76 200 255
129 177 257
217 174 259
69 188 266
202 188 251
38 223 278
225 195 259
47 196 256
148 195 249
35 177 255
179 190 254
12 177 249
15 177 263
42 201 259
104 179 264
203 192 254
94 186 256
35 170 246
35 178 279
205 181 257
160 199 241
0 182 268
33 187 240
121 195 242
180 189 235
31 197 264
99 168 251
230 190 249
35 167 260
144 187 265
215 168 263
58 202 251
160 210 248
69 208 260
145 181 249
37 206 253
71 185 254
173 199 267
185 191 278
221 189 264
203 184 243
145 180 252
7 202 254
93 199 249
