37 191 264
-7 209 260
210 198 253
104 202 265
196 179 274
61 164 258
132 198 258
109 219 271
245 193 252
88 176 240
100 186 252
182 196 280
236 181 259
222 174 239
141 195 244
89 187 251
242 178 264
178 184 255
0 187 259
136 181 252
250 187 266
234 197 255
99 179 260
109 182 257
196 175 255
230 185 269
229 175 256
161 191 264
-1 195 270
222 188 258
240 192 252
154 198 246
162 183 262
42 187 265
81 183 263
70 202 245
180 191 244
-3 196 239
133 185 261
221 197 279
27 170 252
254 199 265
146 186 255
167 176 259
238 196 256
249 191 250
99 176 262
173 180 252
131 206 249
89 179 276
91 188 253
35 177 259
122 164 250
102 177 251
248 190 252
242 190 264
42 195 255
8 183 243
176 180 247
128 185 241
204 195 270
102 193 264
62 186 258
188 181 262
189 184 257
40 193 270
32 212 248
22 175 243
21 178 271
219 186 256
12 201 262
162 187 263
44 169 262
90 205 273
54 177 239
43 176 246
171 196 278
82 199 253
177 157 267
184 188 263
77 189 264
224 174 257
45 198 246
14 177 248
72 194 257
28 204 244
154 162 257
65 196 267
160 190 240
198 186 252
71 171 281
231 195 239
95 189 259
125 195 261
240 196 261
106 184 244
54 195 230
78 181 255
183 195 252
165 200 255
16 200 246
44 183 243
22 174 264
117 214 263
60 192 251
46 186 244
211 176 251
171 203 270
252 191 247
69 165 263
105 206 271
209 199 253
56 175 252
100 173 261
201 191 266
2 202 252
55 194 258
43 173 242
241 186 249
62 188 253
270 206 261
126 174 246
85 170 273
171 177 267
254 176 264
-17 195 256
202 201 258
