88 201 258
127 173 251
222 206 249
170 195 236
22 186 249
183 196 243
119 204 256
129 187 254
70 184 248
12 201 267
47 172 242
71 189 263
192 199 245
128 197 245
164 194 255
100 196 263
254 208 257
88 193 253
159 183 253
189 195 255
0 185 254
173 201 242
191 202 262
250 184 264
204 187 254
209 186 236
55 205 259
76 175 259
103 212 246
182 168 255
78 189 255
37 165 244
221 179 252
252 186 272
71 215 249
223 201 249
247 208 252
251 188 258
37 194 250
199 174 251
40 177 259
147 209 241
125 191 254
9 192 234
96 181 263
173 180 245
9 189 285
146 192 246
0 185 254
196 194 256
89 192 261
192 183 249
225 180 267
111 204 264
21 184 253
-3 190 262
190 180 238
221 176 229
143 185 269
108 194 263
153 196 249
20 207 259
127 169 254
215 192 244
127 202 252
67 168 235
84 200 253
36 189 245
78 193 253
169 194 262
93 178 254
82 187 250
195 188 249
136 179 262
94 186 271
139 166 247
83 194 263
51 200 265
87 203 248
143 198 265
79 185 243
5 196 253
60 214 261
169 199 256
142 166 265
222 188 254
158 184 273
86 193 239
197 207 272
145 197 254
54 195 258
221 191 241
135 191 265
70 198 266
190 202 250
61 199 232
178 206 251
195 192 242
130 189 248
74 193 276
148 180 258
155 216 264
200 179 249
79 178 255
223 205 270
60 195 247
13 187 240
37 176 269
239 202 262
22 185 261
80 195 247
73 196 243
95 182 264
184 181 252
108 184 246
5 211 266
140 199 256
111 180 248
141 187 257
