179 192 251
116 190 248
127 203 281
104 185 253
30 185 244
156 176 260
229 218 274
51 200 260
131 181 265
234 187 247
114 199 249
230 183 245
100 181 239
17 214 248
62 204 256
66 198 237
166 191 252
222 182 262
222 211 251
40 198 256
256 188 257
56 207 247
166 208 246
39 184 267
104 196 253
246 192 250
129 177 259
170 173 266
167 195 255
-2 195 258
67 183 256
198 208 267
254 212 266
14 173 260
249 210 263
243 211 252
210 179 241
105 203 253
122 181 250
145 196 272
39 192 251
170 196 229
138 187 235
97 190 247
8 191 278
213 177 255
15 208 244
119 176 257
41 184 245
181 193 243
15 208 237
108 197 282
217 186 245
173 191 253
125 200 258
203 211 257
181 215 254
16 205 255
178 185 247
134 205 240
123 211 262
181 197 243
144 198 264
29 200 233
38 183 251
223 179 244
25 182 260
227 191 249
140 189 231
238 185 262
99 197 265
160 197 258
196 186 241
158 184 241
146 218 265
21 200 263
36 182 251
225 186 245
50 207 260
213 198 259
94 200 263
30 177 249
101 195 254
56 191 256
63 199 267
257 199 267
81 171 236
215 198 237
232 195 263
140 198 257
122 210 269
29 213 248
180 189 271
44 183 265
23 208 246
99 181 253
186 193 257
183 183 269
56 189 247
138 186 248
188 188 267
151 191 265
141 203 260
201 191 254
44 192 250
37 183 262
248 213 243
4 200 245
84 212 245
77 209 252
119 200 255
32 206 256
6 184 242
122 192 254
182 196 232
99 194 257
170 182 259
134 192 254
169 185 247
161 184 264
161 188 268
20 180 263
35 187 257
226 210 246
211 197 258
-4 200 275
184 178 249
