 event # || point x TPC1 [pixel] || point y TPC1 [pixel] || point z TPC1 [pixel] || dir x TPC1 || dir y TPC1 || dir z TPC1 || point x TPC2 [pixel] || point y TPC2 [pixel] || point z TPC2 [pixel] || dir x TPC2 || dir y TPC2 || dir z TPC2 || energy Calo [MeV]
0 0 83 273 0.960895 0.00731016 0.0317951 791 76 241 0.962974 0.00546568 0.0315602 136.55
1 0 105 167 0.992568 0.00145472 0.00597767 791 97 162 0.974752 0.0221298 0.00311839 131.043
2 0 216 329 0.989055 0.00717952 0.00376574 791 217 338 0.972642 0.00970664 0.0176515 131.217
3 0 111 232 0.997211 0.00278706 1.49105e-06 791 113 227 0.968934 0.0110999 0.0199657 133.322
4 0 275 252 0.987726 0.00402593 0.0082481 791 268 242 0.967542 0.0176811 0.014777 135.181
5 0 205 140 0.997997 0.000218461 0.0017847 791 205 133 0.977294 0.00136015 0.0213462 133.239
6 0 131 167 0.987686 0.0114396 0.000874268 791 148 163 0.95351 0.0311875 0.0153021 131.638
7 0 171 347 0.990312 0.00271684 0.00697157 791 170 358 0.966375 0.00973484 0.0238906 131.931
8 0 204 191 0.994849 0.00414064 0.00101002 791 202 188 0.988959 0.00269302 0.00834848 129.63
9 0 62 123 0.993514 0.00306908 0.00341669 791 58 118 0.981468 0.00884613 0.00968554 136.131
10 0 100 119 0.99434 0.00199968 0.00366038 791 101 117 0.9953 0.00444075 0.000258945 136.481
11 0 161 315 0.99449 0.00342867 0.00208088 791 156 317 0.988328 0.0079814 0.00369086 130.097
12 0 285 113 0.983266 0.00256402 0.0141697 791 287 126 0.985747 0.000565979 0.0136867 135.733
13 0 291 357 0.995037 0.00246379 0.00249949 791 291 356 0.994767 0.0047418 0.000490839 132.195
14 0 69 159 0.990615 0.00489383 0.00449095 791 66 155 0.97641 0.00193881 0.021651 132.237
15 0 308 232 0.995357 0.000779855 0.00386326 791 308 224 0.983146 0.00320757 0.0136464 132.469
16 0 329 155 0.993075 0.00188577 0.00503962 791 332 152 0.993078 0.00462684 0.0022956 133.1
17 0 133 365 0.9923 0.000904761 0.00679536 791 139 355 0.968205 0.0151464 0.0166483 132.825
18 0 73 123 0.996024 0.00126588 0.00271047 791 76 125 0.979654 0.00522638 0.0151196 136.765
19 0 328 153 0.995659 0.00116121 0.00317992 791 329 142 0.964278 0.00644198 0.0292801 132.586
20 0 43 267 0.994212 0.00147467 0.0043137 791 43 270 0.998976 0.000385371 0.000638401 133.963
21 0 85 321 0.994961 0.00166025 0.00337852 791 89 331 0.963369 0.012431 0.0241998 130.503
22 0 211 228 0.999461 8.63768e-05 0.000453105 791 211 229 0.99852 0.000406694 0.00107377 131.579
23 0 203 192 0.99426 0.00541729 0.000322599 791 192 188 0.963487 0.0257858 0.0107271 131.219
24 0 182 388 0.987271 0.010098 0.00263056 791 193 384 0.977512 0.0109827 0.0115056 136.141
25 0 210 125 0.995054 0.00402902 0.000916498 791 209 125 0.990241 0.00961665 0.00014214 135.786
26 0 275 221 0.997007 0.00255811 0.0004347 791 282 222 0.974731 0.0182721 0.00699713 132.106
27 0 148 116 0.994778 0.00313367 0.00208832 791 151 118 0.997604 0.00105399 0.00134247 136.724
28 0 48 405 0.98808 0.00714763 0.00477198 791 63 408 0.967831 0.029116 0.00305341 133.291
29 0 283 219 0.99426 0.000157583 0.0055826 791 284 219 0.98408 0.00346665 0.0124534 131.436
30 0 133 317 0.996471 0.00200546 0.00152361 791 135 318 0.98624 0.00752568 0.00623449 130.851
